                   x         u_numerical        u_analytical
         -0.99375000          0.00035204          0.00000000
         -0.98125000          0.00121835          0.00000000
         -0.96875000          0.00493596          0.00000000
         -0.95625000          0.00987284          0.00000000
         -0.94375000          0.01305282          0.00000000
         -0.93125000          0.01176090          0.00000000
         -0.91875000          0.00536336          0.00000000
         -0.90625000         -0.00376675          0.00000000
         -0.89375000         -0.01095765          0.00000000
         -0.88125000         -0.01144880          0.00000000
         -0.86875000         -0.00307534          0.00000000
         -0.85625000          0.01200062          0.00000000
         -0.84375000          0.02758091          0.00000000
         -0.83125000          0.03584928          0.00000000
         -0.81875000          0.03093934          0.00000000
         -0.80625000          0.01203261          0.00000000
         -0.79375000         -0.01550701          0.00000000
         -0.78125000         -0.04161945          0.00000000
         -0.76875000         -0.05516727          0.00000000
         -0.75625000         -0.04827530          0.00000000
         -0.74375000         -0.01967598          0.00000000
         -0.73125000          0.02424095          0.00000000
         -0.71875000          0.07106551          0.00000000
         -0.70625000          0.10607959          0.00000000
         -0.69375000          0.11673461          0.00000000
         -0.68125000          0.09642058          0.00000000
         -0.66875000          0.04641177          0.00000000
         -0.65625000         -0.02443917          0.00000000
         -0.64375000         -0.10195930          0.00000000
         -0.63125000         -0.17004166          0.00000000
         -0.61875000         -0.21414644          0.00000000
         -0.60625000         -0.22404086          0.00000000
         -0.59375000         -0.19525685          0.00000000
         -0.58125000         -0.12916658          0.00000000
         -0.56875000         -0.03192811          0.00000000
         -0.55625000          0.08724221          0.00000000
         -0.54375000          0.21797329          0.00000000
         -0.53125000          0.35041012          0.00000000
         -0.51875000          0.47640108          0.00000000
         -0.50625000          0.59011989          0.00000000
         -0.49375000          0.68817496          1.00000000
         -0.48125000          0.76934103          1.00000000
         -0.46875000          0.83407431          1.00000000
         -0.45625000          0.88395748          1.00000000
         -0.44375000          0.92118212          1.00000000
         -0.43125000          0.94813135          1.00000000
         -0.41875000          0.96708648          1.00000000
         -0.40625000          0.98005352          1.00000000
         -0.39375000          0.98868815          1.00000000
         -0.38125000          0.99428965          1.00000000
         -0.36875000          0.99783420          1.00000000
         -0.35625000          1.00002440          1.00000000
         -0.34375000          1.00134313          1.00000000
         -0.33125000          1.00210845          1.00000000
         -0.31875000          1.00252731          1.00000000
         -0.30625000          1.00274078          1.00000000
         -0.29375000          1.00285008          1.00000000
         -0.28125000          1.00291957          1.00000000
         -0.26875000          1.00296953          1.00000000
         -0.25625000          1.00298177          1.00000000
         -0.24375000          1.00293167          1.00000000
         -0.23125000          1.00283125          1.00000000
         -0.21875000          1.00274503          1.00000000
         -0.20625000          1.00275069          1.00000000
         -0.19375000          1.00286341          1.00000000
         -0.18125000          1.00298980          1.00000000
         -0.16875000          1.00297383          1.00000000
         -0.15625000          1.00272835          1.00000000
         -0.14375000          1.00235551          1.00000000
         -0.13125000          1.00213183          1.00000000
         -0.11875000          1.00231791          1.00000000
         -0.10625000          1.00290457          1.00000000
         -0.09375000          1.00350771          1.00000000
         -0.08125000          1.00356249          1.00000000
         -0.06875000          1.00275117          1.00000000
         -0.05625000          1.00137374          1.00000000
         -0.04375000          1.00032730          1.00000000
         -0.03125000          1.00058541          1.00000000
         -0.01875000          1.00244283          1.00000000
         -0.00625000          1.00505161          1.00000000
          0.00625000          1.00668863          1.00000000
          0.01875000          1.00575538          1.00000000
          0.03125000          1.00197303          1.00000000
          0.04375000          0.99697317          1.00000000
          0.05625000          0.99373154          1.00000000
          0.06875000          0.99496279          1.00000000
          0.08125000          1.00130035          1.00000000
          0.09375000          1.01037097          1.00000000
          0.10625000          1.01750270          1.00000000
          0.11875000          1.01793490          1.00000000
          0.13125000          1.00950264          1.00000000
          0.14375000          0.99436796          1.00000000
          0.15625000          0.97872900          1.00000000
          0.16875000          0.97040199          1.00000000
          0.18125000          0.97525331          1.00000000
          0.19375000          0.99410144          1.00000000
          0.20625000          1.02158246          1.00000000
          0.21875000          1.04763630          1.00000000
          0.23125000          1.06112553          1.00000000
          0.24375000          1.05417495          1.00000000
          0.25625000          1.02551704          1.00000000
          0.26875000          0.98154152          1.00000000
          0.28125000          0.93465836          1.00000000
          0.29375000          0.89958570          1.00000000
          0.30625000          0.88887208          1.00000000
          0.31875000          0.90912752          1.00000000
          0.33125000          0.95907772          1.00000000
          0.34375000          1.02987007          1.00000000
          0.35625000          1.10733160          1.00000000
          0.36875000          1.17535538          1.00000000
          0.38125000          1.21940159          1.00000000
          0.39375000          1.22923743          1.00000000
          0.40625000          1.20039480          1.00000000
          0.41875000          1.13424589          1.00000000
          0.43125000          1.03694879          1.00000000
          0.44375000          0.91771990          1.00000000
          0.45625000          0.78693031          1.00000000
          0.46875000          0.65443499          1.00000000
          0.48125000          0.52838542          1.00000000
          0.49375000          0.41460789          1.00000000
          0.50625000          0.31649409          0.00000000
          0.51875000          0.23526940          0.00000000
          0.53125000          0.17047764          0.00000000
          0.54375000          0.12053597          0.00000000
          0.55625000          0.08325266          0.00000000
          0.56875000          0.05624474          0.00000000
          0.58125000          0.03723123          0.00000000
          0.59375000          0.02420621          0.00000000
          0.60625000          0.01551340          0.00000000
          0.61875000          0.00985257          0.00000000
          0.63125000          0.00624743          0.00000000
          0.64375000          0.00399692          0.00000000
          0.65625000          0.00262044          0.00000000
          0.66875000          0.00180066          0.00000000
          0.68125000          0.00132785          0.00000000
          0.69375000          0.00105611          0.00000000
          0.70625000          0.00088190          0.00000000
          0.71875000          0.00074491          0.00000000
          0.73125000          0.00063359          0.00000000
          0.74375000          0.00057166          0.00000000
          0.75625000          0.00057837          0.00000000
          0.76875000          0.00062657          0.00000000
          0.78125000          0.00063962          0.00000000
          0.79375000          0.00054570          0.00000000
          0.80625000          0.00035557          0.00000000
          0.81875000          0.00019007          0.00000000
          0.83125000          0.00020588          0.00000000
          0.84375000          0.00045121          0.00000000
          0.85625000          0.00076692          0.00000000
          0.86875000          0.00084883          0.00000000
          0.88125000          0.00047593          0.00000000
          0.89375000         -0.00024706          0.00000000
          0.90625000         -0.00084814          0.00000000
          0.91875000         -0.00077092          0.00000000
          0.93125000          0.00020343          0.00000000
          0.94375000          0.00154242          0.00000000
          0.95625000          0.00239623          0.00000000
          0.96875000          0.00150579          0.00000000
          0.98125000         -0.00022096          0.00000000
          0.99375000         -0.00461794          0.00000000
