                Time     Total_Variation            L2_Error
          0.00000000          2.00000000          0.00000000
          0.00625000          2.50000000          0.05929271
          0.01250000          2.75001953          0.04148724
          0.01875000          2.78130371          0.04587765
          0.02500000          2.65634705          0.04961458
          0.03125000          2.88393372          0.06391588
          0.03750000          2.85767589          0.05481095
          0.04375000          2.74960675          0.05201519
          0.05000000          2.94957100          0.05866628
          0.05625000          2.85988595          0.06860148
          0.06250000          2.88049038          0.06175235
          0.06875000          2.97079470          0.07054042
          0.07500000          2.89699345          0.06433914
          0.08125000          2.94919347          0.05889330
          0.08750000          2.94180540          0.06657468
          0.09375000          3.00984810          0.07385848
          0.10000000          2.96607637          0.06854891
          0.10625000          3.03346353          0.06239916
          0.11250000          3.02062556          0.07032067
          0.11875000          2.98879877          0.07664252
          0.12500000          3.08675690          0.07193059
          0.13125000          2.98305044          0.06536659
          0.13750000          3.09372907          0.07340799
          0.14375000          3.04443020          0.07905082
          0.15000000          3.10494800          0.07477472
          0.15625000          3.09295846          0.09071892
          0.16250000          3.09908182          0.07604753
          0.16875000          3.12837113          0.08117996
          0.17500000          3.07169656          0.07723956
          0.18125000          3.16672256          0.08216041
          0.18750000          3.08037334          0.07836131
          0.19375000          3.17172136          0.08309298
          0.20000000          3.12304617          0.07942131
          0.20625000          3.16292249          0.09423192
          0.21250000          3.16780104          0.08042659
          0.21875000          3.16829778          0.09501259
          0.22500000          3.19494977          0.08138302
          0.23125000          3.17946795          0.08564893
          0.23750000          3.21212888          0.08229555
          0.24375000          3.19702102          0.08643237
          0.25000000          3.21059158          0.08316839
          0.25625000          3.20028302          0.08718637
          0.26250000          3.20935765          0.08400516
          0.26875000          3.20174625          0.08791329
          0.27500000          3.24521909          0.08480900
          0.28125000          3.22120821          0.08861521
          0.28750000          3.26613608          0.08558264
          0.29375000          3.22743079          0.07824843
          0.30000000          3.28430740          0.08632847
          0.30625000          3.23171891          0.07898041
          0.31250000          3.29009980          0.08704861
          0.31875000          3.26032444          0.07968910
          0.32500000          3.28643449          0.08774494
          0.33125000          3.29628484          0.08037607
          0.33750000          3.27179003          0.08841913
          0.34375000          3.31968360          0.08104272
          0.35000000          3.25960209          0.08907268
          0.35625000          3.33639281          0.08169034
          0.36250000          3.25467360          0.08970693
          0.36875000          3.34256370          0.08232007
          0.37500000          3.27983472          0.09032310
          0.38125000          3.33843084          0.08293296
          0.38750000          3.31378479          0.09092229
          0.39375000          3.33827627          0.08352998
          0.40000000          3.33709279          0.09150552
          0.40625000          3.34359029          0.08411203
          0.41250000          3.35127436          0.09207374
          0.41875000          3.34636890          0.08467999
          0.42500000          3.35777046          0.09262797
          0.43125000          3.34204380          0.08523502
          0.43750000          3.36380612          0.09316959
          0.44375000          3.35282370          0.08577926
          0.45000000          3.38307375          0.09370262
          0.45625000          3.35739065          0.08631992
          0.46250000          3.39674227          0.09423657
          0.46875000          3.35424914          0.08687574
          0.47500000          3.40486104          0.09481119
          0.48125000          3.35218686          0.08751198
          0.48750000          3.40608348          0.09543857
          0.49375000          3.37205878          0.08825514
          0.50000000          3.40058500          0.09674658
          0.50625000          3.39642981          0.08993449
          0.51250000          3.40142210          0.09594366
          0.51875000          3.41469568          0.08912206
          0.52500000          3.41065135          0.09538655
          0.53125000          3.42727674          0.08872392
          0.53750000          3.41715081          0.09531314
          0.54375000          3.43046301          0.08888168
          0.55000000          3.43686275          0.09571401
          0.55625000          3.44113086          0.08943119
          0.56250000          3.41794476          0.09632350
          0.56875000          3.41380555          0.09003039
          0.57500000          3.45557509          0.09684372
          0.58125000          3.42539959          0.09045137
          0.58750000          3.45755790          0.09718617
          0.59375000          3.43870660          0.09073299
          0.60000000          3.45790492          0.09747650
          0.60625000          3.45220054          0.09104411
          0.61250000          3.45607994          0.09784464
          0.61875000          3.47223464          0.09145124
          0.62500000          3.44307363          0.09827571
          0.63125000          3.47074194          0.09187865
          0.63750000          3.46008115          0.09868250
          0.64375000          3.47770781          0.09225584
          0.65000000          3.46384151          0.09904275
          0.65625000          3.48943998          0.09260503
          0.66250000          3.45960480          0.09940166
          0.66875000          3.49702270          0.09297388
          0.67500000          3.45871936          0.09978374
          0.68125000          3.49772509          0.09336065
          0.68750000          3.46617573          0.10016840
          0.69375000          3.51539045          0.09373781
          0.70000000          3.47529188          0.10053753
          0.70625000          3.52029326          0.09410012
          0.71250000          3.48298521          0.10089732
          0.71875000          3.51837734          0.09445865
          0.72500000          3.49941993          0.10125547
          0.73125000          3.51124063          0.09481524
          0.73750000          3.51462148          0.10160879
          0.74375000          3.50491678          0.09516493
          0.75000000          3.52467677          0.10195462
          0.75625000          3.50635202          0.09550844
          0.76250000          3.53363730          0.10229612
          0.76875000          3.50511575          0.09584948
          0.77500000          3.53824819          0.10263532
          0.78125000          3.50690437          0.09618804
          0.78750000          3.55053493          0.10297076
          0.79375000          3.51679890          0.09652215
          0.80000000          3.55525148          0.10330123
          0.80625000          3.52220266          0.09685144
          0.81250000          3.55624336          0.10362700
          0.81875000          3.53081949          0.09717638
          0.82500000          3.55890598          0.10394838
          0.83125000          3.54219907          0.09749707
          0.83750000          3.55831508          0.10426546
          0.84375000          3.54715084          0.09781375
          0.85000000          3.55673881          0.10457863
          0.85625000          3.55491659          0.09812688
          0.86250000          3.56059785          0.10488828
          0.86875000          3.56402616          0.09843667
          0.87500000          3.56457754          0.10519442
          0.88125000          3.57118761          0.09874298
          0.88750000          3.57144376          0.10549692
          0.89375000          3.57551631          0.09904574
          0.90000000          3.57684288          0.10579578
          0.90625000          3.58071186          0.09934498
          0.91250000          3.58213551          0.10609108
          0.91875000          3.58555791          0.09964081
          0.92500000          3.58620513          0.10638298
          0.93125000          3.58949541          0.09993339
          0.93750000          3.59153710          0.10667161
          0.94375000          3.59534160          0.10022285
          0.95000000          3.59514517          0.10695710
          0.95625000          3.60248796          0.10050929
          0.96250000          3.59677749          0.10723951
          0.96875000          3.60856257          0.10079274
          0.97500000          3.59560280          0.10751888
          0.98125000          3.61263241          0.10107322
          0.98750000          3.59950926          0.10779525
          0.99375000          3.61803099          0.10135080
          1.00000000          3.60511354          0.10806869
          1.00625000          3.62378040          0.10162554
          1.01250000          3.60893420          0.10833928
          1.01875000          3.62734158          0.10189753
          1.02500000          3.61350896          0.10860711
          1.03125000          3.62940666          0.10216684
          1.03750000          3.62076817          0.10887223
          1.04375000          3.63288021          0.10243352
          1.05000000          3.62598897          0.10913471
          1.05625000          3.63541981          0.10269763
          1.06250000          3.63095896          0.10939460
          1.06875000          3.63881369          0.10295921
          1.07500000          3.63719026          0.10965194
          1.08125000          3.64247018          0.10321831
          1.08750000          3.64193505          0.10990679
          1.09375000          3.64672986          0.10347499
          1.10000000          3.64499782          0.11015921
          1.10625000          3.65180125          0.10372929
          1.11250000          3.64763480          0.11040926
          1.11875000          3.65681940          0.10398128
          1.12500000          3.65112794          0.11065697
          1.13125000          3.66348410          0.10423098
          1.13750000          3.65385135          0.11090240
          1.14375000          3.66844044          0.10447846
          1.15000000          3.65585310          0.11114560
          1.15625000          3.67200063          0.10472374
          1.16250000          3.65787097          0.11138659
          1.16875000          3.67353037          0.10496688
          1.17500000          3.66536347          0.11162544
          1.18125000          3.67399590          0.10520791
          1.18750000          3.67375182          0.11186219
          1.19375000          3.67288896          0.11422825
          1.20000000          3.68147259          0.11209686
          1.20625000          3.67230508          0.12139577
          1.21250000          3.68864344          0.11232951
          1.21875000          3.67225838          0.12160857
          1.22500000          3.69669328          0.11256017
          1.23125000          3.67228053          0.12181964
          1.23750000          3.70352419          0.11278888
          1.24375000          3.67265247          0.12202901
          1.25000000          3.70908928          0.11301568
          1.25625000          3.67491699          0.12223671
          1.26250000          3.71286935          0.11324060
          1.26875000          3.67829036          0.12244277
          1.27500000          3.71533979          0.11346367
          1.28125000          3.68332713          0.12264722
          1.28750000          3.71583570          0.11368492
          1.29375000          3.68750609          0.12285009
          1.30000000          3.71666354          0.11390440
          1.30625000          3.69511026          0.12305139
          1.31250000          3.71783770          0.11412212
          1.31875000          3.70339703          0.12325116
          1.32500000          3.71722444          0.11433811
          1.33125000          3.71177692          0.12344941
          1.33750000          3.71752398          0.11455240
          1.34375000          3.71813668          0.12364615
          1.35000000          3.71781852          0.11476498
          1.35625000          3.72251191          0.12384138
          1.36250000          3.71692163          0.11497584
          1.36875000          3.72678563          0.12403506
          1.37500000          3.71626266          0.11518493
          1.38125000          3.73080454          0.12422714
          1.38750000          3.71857916          0.11539218
          1.39375000          3.73543923          0.12441752
          1.40000000          3.72105647          0.11559748
          1.40625000          3.73993332          0.12460617
          1.41250000          3.72222187          0.11580087
          1.41875000          3.74386078          0.12479310
          1.42500000          3.72305788          0.11600261
          1.43125000          3.74825412          0.12497943
          1.43750000          3.72436767          0.11620460
          1.44375000          3.75239735          0.12516643
          1.45000000          3.72738857          0.11640968
          1.45625000          3.75540487          0.12536245
          1.46250000          3.73247469          0.11662940
          1.46875000          3.75697377          0.12557469
          1.47500000          3.73724551          0.11687768
          1.48125000          3.75769117          0.12581199
          1.48750000          3.74322917          0.11716024
          1.49375000          3.75870052          0.12627656
          1.50000000          3.74862633          0.11774689
          1.50625000          3.75938768          0.12592797
          1.51250000          3.75350764          0.11735746
          1.51875000          3.75868602          0.12556808
          1.52500000          3.75888184          0.11699536
          1.53125000          3.75730301          0.12527248
          1.53750000          3.76351800          0.11674196
          1.54375000          3.76000971          0.12511066
          1.55000000          3.76699688          0.11665746
          1.55625000          3.76340041          0.12511852
          1.56250000          3.77155757          0.11675311
          1.56875000          3.76384086          0.12527831
          1.57500000          3.77239448          0.11698019
          1.58125000          3.77562976          0.12552118
          1.58750000          3.78069914          0.11724792
          1.59375000          3.76503779          0.12575706
          1.60000000          3.76982399          0.11746642
          1.60625000          3.77238083          0.12591944
          1.61250000          3.76391490          0.11759242
          1.61875000          3.77812643          0.12599877
          1.62500000          3.76707930          0.11764870
          1.63125000          3.78385963          0.12604179
          1.63750000          3.76856320          0.11770235
          1.64375000          3.78780931          0.12611483
          1.65000000          3.77042357          0.11781508
          1.65625000          3.79029540          0.12625655
          1.66250000          3.77844906          0.11800157
          1.66875000          3.79750760          0.12645527
          1.67500000          3.77882323          0.11822723
          1.68125000          3.78329273          0.12666693
          1.68750000          3.79467555          0.11844359
          1.69375000          3.79915274          0.12685476
          1.70000000          3.79860099          0.11862745
          1.70625000          3.79968482          0.12701435
          1.71250000          3.80072604          0.11879009
          1.71875000          3.80136918          0.12716536
          1.72500000          3.80503463          0.11895450
          1.73125000          3.80151553          0.12732442
          1.73750000          3.80781245          0.11912879
          1.74375000          3.80544198          0.12748931
          1.75000000          3.80490943          0.11930267
          1.75625000          3.80423839          0.12764749
          1.76250000          3.79901510          0.11946492
          1.76875000          3.79564743          0.12779423
          1.77500000          3.80193469          0.11961813
          1.78125000          3.79533840          0.12793801
          1.78750000          3.80699405          0.11977469
          1.79375000          3.79858206          0.12808982
          1.80000000          3.81343666          0.11994235
          1.80625000          3.80303615          0.12825158
          1.81250000          3.81079670          0.12011767
          1.81875000          3.80748156          0.12841661
          1.82500000          3.82894160          0.12029242
          1.83125000          3.80997945          0.12857847
          1.83750000          3.83282149          0.12046249
          1.84375000          3.81242367          0.12873610
          1.85000000          3.83697823          0.12062893
          1.85625000          3.81498374          0.12889129
          1.86250000          3.83827356          0.12079333
          1.86875000          3.81981224          0.12904461
          1.87500000          3.84069652          0.12095539
          1.88125000          3.82435447          0.12919547
          1.88750000          3.83539363          0.12111482
          1.89375000          3.81895200          0.12934441
          1.90000000          3.83056447          0.12127317
          1.90625000          3.82031080          0.12949341
          1.91250000          3.83031252          0.12143251
          1.91875000          3.82607217          0.12964385
          1.92500000          3.83856781          0.12159335
          1.93125000          3.83212479          0.12979528
          1.93750000          3.84552980          0.12175451
          1.94375000          3.83592829          0.12994633
          1.95000000          3.84905869          0.12191464
          1.95625000          3.84104273          0.13009608
          1.96250000          3.85337532          0.12207316
          1.96875000          3.84455354          0.13024428
          1.97500000          3.85676996          0.12223002
          1.98125000          3.85079890          0.13039100
          1.98750000          3.86197842          0.12238538
          1.99375000          3.85366309          0.13053645
          2.00000000          3.86238690          0.12253957
          2.00625000          3.85263590          0.13068109
          2.01250000          3.86253141          0.12269315
          2.01875000          3.85396888          0.13082538
          2.02500000          3.86757561          0.12284648
          2.03125000          3.85605187          0.13096951
          2.03750000          3.87105869          0.12299958
          2.04375000          3.85801302          0.13111331
          2.05000000          3.87186320          0.12315214
          2.05625000          3.86238063          0.13125646
          2.06250000          3.87239432          0.12330384
          2.06875000          3.86978543          0.13139874
          2.07500000          3.87225789          0.12345455
          2.08125000          3.87604276          0.13154008
          2.08750000          3.87091456          0.12360425
          2.09375000          3.88147331          0.13168054
          2.10000000          3.86843895          0.12375307
          2.10625000          3.88528585          0.13182027
          2.11250000          3.86528794          0.12390118
          2.11875000          3.89053088          0.13195942
          2.12500000          3.86311843          0.12404871
          2.13125000          3.89597647          0.13209807
          2.13750000          3.86095764          0.12419568
          2.14375000          3.90011362          0.13223619
          2.15000000          3.86214495          0.12434204
          2.15625000          3.90336995          0.13237370
          2.16250000          3.86451364          0.12448770
          2.16875000          3.90562196          0.13251055
          2.17500000          3.86695013          0.12463261
          2.18125000          3.90696918          0.13264669
          2.18750000          3.87098409          0.12477676
          2.19375000          3.90794561          0.13278215
          2.20000000          3.87507756          0.12492019
          2.20625000          3.90889241          0.13291698
          2.21250000          3.88137626          0.12506297
          2.21875000          3.90932768          0.13305123
          2.22500000          3.88880527          0.12520513
          2.23125000          3.91003665          0.13318492
          2.23750000          3.89541766          0.12534667
          2.24375000          3.91049752          0.13331804
          2.25000000          3.90110983          0.12548759
          2.25625000          3.90996058          0.13345059
          2.26250000          3.90574728          0.12562788
          2.26875000          3.90846153          0.13358255
          2.27500000          3.90995261          0.12576753
          2.28125000          3.90739902          0.13371393
          2.28750000          3.91407341          0.12590655
          2.29375000          3.90675110          0.13384475
          2.30000000          3.91731457          0.12604498
          2.30625000          3.90524048          0.13397505
          2.31250000          3.92015203          0.12618286
          2.31875000          3.90357377          0.13410488
          2.32500000          3.92335379          0.12632026
          2.33125000          3.90266686          0.13423430
          2.33750000          3.92587862          0.12645726
          2.34375000          3.90186501          0.13436341
          2.35000000          3.92721298          0.12659399
          2.35625000          3.90450167          0.13449238
          2.36250000          3.92717934          0.12673068
          2.36875000          3.90797492          0.13462148
          2.37500000          3.92551006          0.12686770
          2.38125000          3.90999109          0.13475116
          2.38750000          3.92190919          0.12700569
          2.39375000          3.90994740          0.13488225
          2.40000000          3.91708206          0.12714577
          2.40625000          3.91179960          0.13501599
          2.41250000          3.91802860          0.12728966
          2.41875000          3.91550789          0.13515481
          2.42500000          3.91862452          0.12744065
          2.43125000          3.91897720          0.13530176
          2.43750000          3.92074651          0.12760307
          2.44375000          3.92170353          0.13546497
          2.45000000          3.92295207          0.12778726
          2.45625000          3.92370223          0.13564693
          2.46250000          3.92486611          0.12799793
          2.46875000          3.92502196          0.13588772
          2.47500000          3.92616490          0.12828231
          2.48125000          3.92560615          0.13610701
          2.48750000          3.92677860          0.12855046
          2.49375000          3.92545303          0.13673890
          2.50000000          3.92673793          0.12929828
          2.50625000          3.92490499          0.13618679
          2.51250000          3.92752934          0.12872515
          2.51875000          3.92416035          0.13566645
          2.52500000          3.93045152          0.12821036
          2.53125000          3.92289763          0.13522610
          2.53750000          3.93271220          0.12780526
          2.54375000          3.92536636          0.13491180
          2.55000000          3.93434907          0.12755275
          2.55625000          3.93017848          0.13475524
          2.56250000          3.93682846          0.12747406
          2.56875000          3.93404041          0.13476237
          2.57500000          3.94093725          0.12755911
          2.58125000          3.93833950          0.13490786
          2.58750000          3.94106493          0.12776565
          2.59375000          3.94212435          0.13513968
          2.60000000          3.95193744          0.12802992
          2.60625000          3.94806592          0.13539407
          2.61250000          3.93625266          0.12828652
          2.61875000          3.95577819          0.13561625
          2.62500000          3.96101858          0.12848991
          2.63125000          3.95700976          0.13577810
          2.63750000          3.96299328          0.12862796
          2.64375000          3.95744334          0.13588436
          2.65000000          3.96418733          0.12872040
          2.65625000          3.95765938          0.13596356
          2.66250000          3.96638487          0.12880232
          2.66875000          3.95690456          0.13604811
          2.67500000          3.96954797          0.12890171
          2.68125000          3.95824185          0.13615472
          2.68750000          3.97291911          0.12902377
          2.69375000          3.96213264          0.13627678
          2.70000000          3.97799771          0.12915175
          2.70625000          3.95960128          0.13639306
          2.71250000          3.97697196          0.12926263
          2.71875000          3.95711270          0.13648588
          2.72500000          3.96505162          0.12934603
          2.73125000          3.95532846          0.13655533
          2.73750000          3.96784890          0.12941253
          2.74375000          3.95690474          0.13661937
          2.75000000          3.97000449          0.12948577
          2.75625000          3.95771828          0.13670051
          2.76250000          3.97167367          0.12958526
          2.76875000          3.95723130          0.13681007
          2.77500000          3.97735228          0.12971367
          2.78125000          3.96238612          0.13694209
          2.78750000          3.97241261          0.12985778
          2.79375000          3.96546325          0.13708048
          2.80000000          3.98999817          0.13000041
          2.80625000          3.97320803          0.13721171
          2.81250000          3.99049633          0.13013224
          2.81875000          3.97687145          0.13733226
          2.82500000          3.99045828          0.13025438
          2.83125000          3.98080817          0.13744614
          2.83750000          3.99128530          0.13037208
          2.84375000          3.98570946          0.13755745
          2.85000000          3.99004826          0.13048757
          2.85625000          3.98901806          0.13766608
          2.86250000          3.99154358          0.13059903
          2.86875000          3.99437554          0.13776986
          2.87500000          3.98584432          0.13070501
          2.88125000          3.98181376          0.13786918
          2.88750000          3.97571890          0.13080820
          2.89375000          3.98358943          0.13796839
          2.90000000          3.97521343          0.13091414
          2.90625000          3.98644359          0.13807256
          2.91250000          3.97591340          0.13102680
          2.91875000          3.99313588          0.13818338
          2.92500000          3.98440308          0.13114563
          2.93125000          4.00241629          0.13829847
          2.93750000          3.98962686          0.13126687
          2.94375000          4.00900544          0.13841392
          2.95000000          3.99106187          0.13138684
          2.95625000          4.01063396          0.13852718
          2.96250000          3.99381384          0.13150398
          2.96875000          4.01298293          0.13863764
          2.97500000          3.99722411          0.13161826
          2.98125000          4.01206898          0.13874556
          2.98750000          3.99904143          0.13172999
          2.99375000          4.01715630          0.13885121
          3.00000000          4.00362969          0.13183955
          3.00625000          4.01622444          0.13895517
          3.01250000          3.99962630          0.13194786
          3.01875000          4.01122311          0.13905863
          3.02500000          3.99907181          0.13205643
          3.03125000          4.01014418          0.13916302
          3.03750000          4.00341286          0.13216648
          3.04375000          4.01614272          0.13926906
          3.05000000          4.01080413          0.13227819
          3.05625000          4.02039043          0.13937639
          3.06250000          4.01381265          0.13239075
          3.06875000          4.02029679          0.13948399
          3.07500000          4.01269190          0.13250306
          3.08125000          4.01964427          0.13959095
          3.08750000          4.01494770          0.13261434
          3.09375000          4.02218687          0.13969676
          3.10000000          4.01792639          0.13272432
          3.10625000          4.02525507          0.13980135
          3.11250000          4.02027004          0.13283308
          3.11875000          4.02953905          0.13990492
          3.12500000          4.02162178          0.13294095
          3.13125000          4.03091391          0.14000789
          3.13750000          4.02185053          0.13304844
          3.14375000          4.03168911          0.14011076
          3.15000000          4.02298014          0.13315604
          3.15625000          4.03517534          0.14021388
          3.16250000          4.02713087          0.13326396
          3.16875000          4.03859972          0.14031730
          3.17500000          4.03006566          0.13337207
          3.18125000          4.04112176          0.14042078
          3.18750000          4.03106929          0.13348008
          3.19375000          4.04201033          0.14052399
          3.20000000          4.03248859          0.13358766
          3.20625000          4.04408649          0.14062671
          3.21250000          4.03463549          0.13369463
          3.21875000          4.04560521          0.14072883
          3.22500000          4.03750636          0.13380098
          3.23125000          4.04642775          0.14083041
          3.23750000          4.04024992          0.13390683
          3.24375000          4.04651043          0.14093160
          3.25000000          4.04180269          0.13401235
          3.25625000          4.04587670          0.14103255
          3.26250000          4.04461771          0.13411768
          3.26875000          4.04573295          0.14113337
          3.27500000          4.04753347          0.13422288
          3.28125000          4.04557961          0.14123404
          3.28750000          4.04940902          0.13432788
          3.29375000          4.04560040          0.14133447
          3.30000000          4.05116121          0.13443253
          3.30625000          4.04523813          0.14143448
          3.31250000          4.05294683          0.13453668
          3.31875000          4.04437389          0.14153394
          3.32500000          4.05441664          0.13464016
          3.33125000          4.04324113          0.14163268
          3.33750000          4.05558481          0.13474283
          3.34375000          4.04185339          0.14173058
          3.35000000          4.05685339          0.13484451
          3.35625000          4.04246863          0.14182743
          3.36250000          4.05885780          0.13494497
          3.36875000          4.04285426          0.14192297
          3.37500000          4.06054755          0.13504389
          3.38125000          4.04307906          0.14201685
          3.38750000          4.06181506          0.13514086
          3.39375000          4.04370227          0.14210866
          3.40000000          4.06314885          0.13523549
          3.40625000          4.04498240          0.14219818
          3.41250000          4.06409796          0.13532765
          3.41875000          4.04717858          0.14228512
          3.42500000          4.06490313          0.13541733
          3.43125000          4.04981991          0.14237089
          3.43750000          4.06589152          0.13550648
          3.44375000          4.05200944          0.14245492
          3.45000000          4.06701072          0.13559542
          3.45625000          4.05374760          0.14254671
          3.46250000          4.06808240          0.13569501
          3.46875000          4.05527114          0.14263832
          3.47500000          4.06884812          0.13580000
          3.48125000          4.05635605          0.14276079
          3.48750000          4.07016999          0.13593823
          3.49375000          4.05837233          0.14294386
          3.50000000          4.07114333          0.13616795
          3.50625000          4.06066850          0.14284301
          3.51250000          4.07193838          0.13604391
          3.51875000          4.06287454          0.14271527
          3.52500000          4.07232942          0.13590476
          3.53125000          4.06490456          0.14258650
          3.53750000          4.07229198          0.13577891
          3.54375000          4.06664556          0.14248374
          3.55000000          4.07215354          0.13569322
          3.55625000          4.06834557          0.14242957
          3.56250000          4.07240822          0.13566666
          3.56875000          4.07021035          0.14243615
          3.57500000          4.07239415          0.13570461
          3.58125000          4.07281660          0.14250083
          3.58750000          4.07307230          0.13579594
          3.59375000          4.07600639          0.14260548
          3.60000000          4.07199386          0.13591476
          3.60625000          4.07735449          0.14272064
          3.61250000          4.07474788          0.13602749
          3.61875000          4.08239243          0.14281436
          3.62500000          4.07175179          0.13610359
          3.63125000          4.08356794          0.14286315
          3.63750000          4.06222334          0.13612672
          3.64375000          4.06399288          0.14286103
          3.65000000          4.05718691          0.13610159
          3.65625000          4.06601606          0.14282280
          3.66250000          4.05868787          0.13605320
          3.66875000          4.06771264          0.14277905
          3.67500000          4.06065292          0.13601761
          3.68125000          4.06915954          0.14276438
          3.68750000          4.06223929          0.13602756
          3.69375000          4.07044117          0.14280330
          3.70000000          4.06449922          0.13609917
          3.70625000          4.06946635          0.14290060
          3.71250000          4.06587730          0.13622616
          3.71875000          4.07599640          0.14304071
          3.72500000          4.07545156          0.13638457
          3.73125000          4.06987260          0.14319665
          3.73750000          4.08142615          0.13654529
          3.74375000          4.08965968          0.14334324
          3.75000000          4.09074057          0.13668741
          3.75625000          4.08973148          0.14346751
          3.76250000          4.09307512          0.13680519
          3.76875000          4.09015762          0.14357081
          3.77500000          4.09611604          0.13690549
          3.78125000          4.09012010          0.14366264
          3.78750000          4.09822047          0.13699878
          3.79375000          4.09117475          0.14375122
          3.80000000          4.10097477          0.13709030
          3.80625000          4.09060673          0.14383772
          3.81250000          4.10250058          0.13717756
          3.81875000          4.09149910          0.14391743
          3.82500000          4.10590172          0.13725496
          3.83125000          4.09464875          0.14398615
          3.83750000          4.09421829          0.13732093
          3.84375000          4.07618289          0.14404601
          3.85000000          4.08718313          0.13738161
          3.85625000          4.07688999          0.14410590
          3.86250000          4.08814035          0.13744803
          3.86875000          4.07791357          0.14417625
          3.87500000          4.08793408          0.13752927
          3.88125000          4.07772716          0.14426256
          3.88750000          4.09199195          0.13762700
          3.89375000          4.08481040          0.14436255
          3.90000000          4.10178371          0.13773545
          3.90625000          4.09019961          0.14446865
          3.91250000          4.10879355          0.13784599
          3.91875000          4.09804866          0.14457327
          3.92500000          4.10908835          0.13795230
          3.93125000          4.10042737          0.14467241
          3.93750000          4.10869625          0.13805232
          3.94375000          4.10199124          0.14476575
          3.95000000          4.10980158          0.13814674
          3.95625000          4.10630865          0.14485427
          3.96250000          4.10751190          0.13823648
          3.96875000          4.10764346          0.14493853
          3.97500000          4.11260809          0.13832183
          3.98125000          4.11618307          0.14501885
          3.98750000          4.11207905          0.13840356
          3.99375000          4.11152860          0.14509664
          4.00000000          4.10293326          0.13848398
          4.00625000          4.10721091          0.14517478
          4.01250000          4.09961473          0.13856646
          4.01875000          4.10723060          0.14525635
          4.02500000          4.10031290          0.13865357
          4.03125000          4.11543906          0.14534282
          4.03750000          4.10909325          0.13874562
          4.04375000          4.12466937          0.14543331
          4.05000000          4.11236096          0.13884074
          4.05625000          4.12603796          0.14552551
          4.06250000          4.11014732          0.13893631
          4.06875000          4.12615417          0.14561711
          4.07500000          4.10998391          0.13903037
          4.08125000          4.12707795          0.14570672
          4.08750000          4.11210539          0.13912198
          4.09375000          4.12932497          0.14579391
          4.10000000          4.11378869          0.13921105
          4.10625000          4.13312430          0.14587882
          4.11250000          4.11915360          0.13929795
          4.11875000          4.13744191          0.14596201
          4.12500000          4.11972461          0.13938348
          4.13125000          4.13563773          0.14604444
          4.13750000          4.11796711          0.13946880
          4.14375000          4.13432913          0.14612728
          4.15000000          4.11856038          0.13955506
          4.15625000          4.13456518          0.14621145
          4.16250000          4.12308992          0.13964292
          4.16875000          4.13934270          0.14629718
          4.17500000          4.12750325          0.13973225
          4.18125000          4.14153830          0.14638404
          4.18750000          4.12909753          0.13982231
          4.19375000          4.14216556          0.14647121
          4.20000000          4.12802246          0.13991226
          4.20625000          4.14223890          0.14655793
          4.21250000          4.13030059          0.14000144
          4.21875000          4.14482180          0.14664377
          4.22500000          4.13271338          0.14008959
          4.23125000          4.14656477          0.14672865
          4.23750000          4.13412522          0.14017681
          4.24375000          4.14797543          0.14681280
          4.25000000          4.13575823          0.14026345
          4.25625000          4.14802643          0.14689664
          4.26250000          4.13705963          0.14035001
          4.26875000          4.14776827          0.14698066
          4.27500000          4.13882387          0.14043697
          4.28125000          4.14804332          0.14706525
          4.28750000          4.14138076          0.14052463
          4.29375000          4.14903162          0.14715057
          4.30000000          4.14389416          0.14061305
          4.30625000          4.14923132          0.14723658
          4.31250000          4.14593632          0.14070212
          4.31875000          4.14961739          0.14732317
          4.32500000          4.14737437          0.14079177
          4.33125000          4.14939770          0.14741033
          4.33750000          4.14756112          0.14088208
          4.34375000          4.14796987          0.14749828
          4.35000000          4.14638383          0.14097346
          4.35625000          4.14520976          0.14758757
          4.36250000          4.14391767          0.14106667
          4.36875000          4.14246564          0.14767915
          4.37500000          4.14129651          0.14116294
          4.38125000          4.13973968          0.14777437
          4.38750000          4.13824417          0.14126394
          4.39375000          4.13620793          0.14787514
          4.40000000          4.13499241          0.14137196
          4.40625000          4.13152039          0.14798385
          4.41250000          4.13306133          0.14148990
          4.41875000          4.13177472          0.14810421
          4.42500000          4.13491160          0.14162227
          4.43125000          4.13268532          0.14823976
          4.43750000          4.13667808          0.14177361
          4.44375000          4.13341007          0.14840040
          4.45000000          4.13864193          0.14195552
          4.45625000          4.13384473          0.14858345
          4.46250000          4.14067576          0.14216630
          4.46875000          4.13398967          0.14883929
          4.47500000          4.14242120          0.14246156
          4.48125000          4.13384536          0.14904827
          4.48750000          4.14387839          0.14271199
          4.49375000          4.13341255          0.14970342
          4.50000000          4.14504773          0.14345535
          4.50625000          4.13269173          0.14913388
          4.51250000          4.14592938          0.14287718
          4.51875000          4.13168478          0.14860268
          4.52500000          4.14709150          0.14235277
          4.53125000          4.13038964          0.14813697
          4.53750000          4.14843459          0.14191071
          4.54375000          4.12883957          0.14776337
          4.55000000          4.14950555          0.14157689
          4.55625000          4.12748939          0.14750368
          4.56250000          4.15040659          0.14136982
          4.56875000          4.12841400          0.14737039
          4.57500000          4.15114492          0.14129618
          4.58125000          4.13061228          0.14736298
          4.58750000          4.15122659          0.14134782
          4.59375000          4.13407785          0.14746624
          4.60000000          4.15253375          0.14150153
          4.60625000          4.13545963          0.14765165
          4.61250000          4.15104132          0.14172227
          4.61875000          4.14355336          0.14788217
          4.62500000          4.16005509          0.14196979
          4.63125000          4.14564171          0.14811969
          4.63750000          4.16073507          0.14220703
          4.64375000          4.16566083          0.14833314
          4.65000000          4.17600621          0.14240793
          4.65625000          4.16748402          0.14850477
          4.66250000          4.17639124          0.14256215
          4.66875000          4.16933757          0.14863236
          4.67500000          4.17675847          0.14267468
          4.68125000          4.17155746          0.14872640
          4.68750000          4.17685920          0.14276059
          4.69375000          4.17356371          0.14880319
          4.70000000          4.17704875          0.14283658
          4.70625000          4.17554273          0.14463858
          4.71250000          4.17674021          0.14291317
          4.71875000          4.17688114          0.13839338
          4.72500000          4.17715975          0.14299056
          4.73125000          4.17822049          0.13846812
          4.73750000          4.17831111          0.14306048
          4.74375000          4.17936731          0.13852959
          4.75000000          4.18097027          0.14311259
          4.75625000          4.18334818          0.13856917
          4.76250000          4.17617145          0.14314231
          4.76875000          4.16004270          0.13858731
          4.77500000          4.15969531          0.14315560
          4.78125000          4.15546698          0.13859557
          4.78750000          4.16117518          0.14316787
          4.79375000          4.15570545          0.13861254
          4.80000000          4.16247325          0.14319761
          4.80625000          4.15603795          0.13865552
          4.81250000          4.16381993          0.14325788
          4.81875000          4.15467396          0.13873271
          4.82500000          4.16372375          0.14335066
          4.83125000          4.15990095          0.13884001
          4.83750000          4.17157486          0.14346686
          4.84375000          4.17115424          0.13896414
          4.85000000          4.18078115          0.14359166
          4.85625000          4.18029914          0.13908977
          4.86250000          4.19062013          0.14371181
          4.86875000          4.18118823          0.13920608
          4.87500000          4.19148410          0.14382034
          4.88125000          4.18209223          0.13930953
          4.88750000          4.19236712          0.14391676
          4.89375000          4.18200787          0.13940176
          4.90000000          4.19247265          0.14400373
          4.90625000          4.18414749          0.13948556
          4.91250000          4.19441197          0.14408328
          4.91875000          4.18311528          0.13956202
          4.92500000          4.19333882          0.14415555
          4.93125000          4.18992431          0.13963082
          4.93750000          4.20056199          0.14422046
          4.94375000          4.19073136          0.13969275
          4.95000000          4.19120053          0.14428011
          4.95625000          4.17868628          0.13975161
          4.96250000          4.18059667          0.14433961
          4.96875000          4.17216875          0.13981364
          4.97500000          4.17622746          0.14440520
          4.98125000          4.17318097          0.13988462
          4.98750000          4.17714564          0.14448109
          4.99375000          4.17908453          0.13996690
          5.00000000          4.18902039          0.14456738
          5.00625000          4.19485660          0.14005841
          5.01250000          4.19743535          0.14466037
          5.01875000          4.19859142          0.14015426
          5.02500000          4.19639258          0.14475496
          5.03125000          4.19881647          0.14024942
          5.03750000          4.19627137          0.14484702
          5.04375000          4.20049315          0.14034068
          5.05000000          4.19590630          0.14493448
          5.05625000          4.20165062          0.14042684
          5.06250000          4.19706369          0.14501691
          5.06875000          4.20475036          0.14050797
          5.07500000          4.19472539          0.14509466
          5.08125000          4.20837007          0.14058465
          5.08750000          4.20231063          0.14516854
          5.09375000          4.21376246          0.14065800
          5.10000000          4.20165822          0.14523998
          5.10625000          4.20976294          0.14072989
          5.11250000          4.19613396          0.14531112
          5.11875000          4.20673633          0.14080273
          5.12500000          4.19402339          0.14538426
          5.13125000          4.20670430          0.14087860
          5.13750000          4.19402834          0.14546090
          5.14375000          4.21207417          0.14095832
          5.15000000          4.20185546          0.14554109
          5.15625000          4.21797449          0.14104120
          5.16250000          4.20506326          0.14562357
          5.16875000          4.21856933          0.14112554
          5.17500000          4.20365988          0.14570651
          5.18125000          4.21488068          0.14120948
          5.18750000          4.20224666          0.14578831
          5.19375000          4.21366546          0.14129168
          5.20000000          4.20410295          0.14586804
          5.20625000          4.21677824          0.14137153
          5.21250000          4.20911090          0.14594542
          5.21875000          4.21899076          0.14144906
          5.22500000          4.21191773          0.14602075
          5.23125000          4.21953419          0.14152478
          5.23750000          4.21394624          0.14609470
          5.24375000          4.21848524          0.14159955
          5.25000000          4.21361288          0.14616819
          5.25625000          4.21672615          0.14167431
          5.26250000          4.21426708          0.14624207
          5.26875000          4.21854512          0.14174980
          5.27500000          4.21867720          0.14631684
          5.28125000          4.22051035          0.14182623
          5.28750000          4.22113340          0.14639240
          5.29375000          4.22022336          0.14190322
          5.30000000          4.22069564          0.14646815
          5.30625000          4.21687291          0.14197996
          5.31250000          4.21867130          0.14654322
          5.31875000          4.21387471          0.14205554
          5.32500000          4.21711404          0.14661675
          5.33125000          4.21246249          0.14212913
          5.33750000          4.21814189          0.14668803
          5.34375000          4.21266128          0.14220009
          5.35000000          4.21919803          0.14675653
          5.35625000          4.21264202          0.14226795
          5.36250000          4.22003500          0.14682184
          5.36875000          4.21283077          0.14233231
          5.37500000          4.22065337          0.14688356
          5.38125000          4.21364688          0.14239271
          5.38750000          4.22105375          0.14694125
          5.39375000          4.21459158          0.14244866
          5.40000000          4.22123684          0.14699431
          5.40625000          4.21622122          0.14249954
          5.41250000          4.22129581          0.14704238
          5.41875000          4.21763555          0.14254505
          5.42500000          4.22124693          0.14708478
          5.43125000          4.21886283          0.14258475
          5.43750000          4.22098527          0.14712296
          5.44375000          4.22013603          0.14262053
          5.45000000          4.22069645          0.14715468
          5.45625000          4.22119660          0.14265068
          5.46250000          4.22097969          0.14719177
          5.46875000          4.22210754          0.14268783
          5.47500000          4.22129666          0.14721381
          5.48125000          4.22351948          0.14271315
          5.48750000          4.22178154          0.14727942
          5.49375000          4.22541234          0.14278223
          5.50000000          4.22219936          0.14730481
          5.50625000          4.22716560          0.14282823
          5.51250000          4.22240766          0.14734500
          5.51875000          4.22870923          0.14285089
          5.52500000          4.22280667          0.14735541
          5.53125000          4.23004281          0.14284984
          5.53750000          4.22327202          0.14735011
          5.54375000          4.23135489          0.14284020
          5.55000000          4.22373192          0.14734381
          5.55625000          4.23246699          0.14283653
          5.56250000          4.22398318          0.14734935
          5.56875000          4.23337985          0.14285003
          5.57500000          4.22403488          0.14737489
          5.58125000          4.23408245          0.14288572
          5.58750000          4.22401363          0.14742156
          5.59375000          4.23455377          0.14294065
          5.60000000          4.22390397          0.14748257
          5.60625000          4.23499492          0.14300407
          5.61250000          4.22397117          0.14754441
          5.61875000          4.23478174          0.14305974
          5.62500000          4.22427958          0.14759017
          5.63125000          4.23577360          0.14309028
          5.63750000          4.22520716          0.14760440
          5.64375000          4.23949352          0.14308249
          5.65000000          4.23099338          0.14757816
          5.65625000          4.23565487          0.14303217
          5.66250000          4.20822416          0.14751291
          5.66875000          4.21188848          0.14294686
          5.67500000          4.19926087          0.14742172
          5.68125000          4.21234582          0.14284541
          5.68750000          4.20015210          0.14732707
          5.69375000          4.21260679          0.14275390
          5.70000000          4.20084829          0.14725538
          5.70625000          4.21283415          0.14269885
          5.71250000          4.20160187          0.14722974
          5.71875000          4.21339140          0.14269962
          5.72500000          4.20234021          0.14726316
          5.73125000          4.21449680          0.14276268
          5.73750000          4.20369855          0.14735477
          5.74375000          4.21268896          0.14287998
          5.75000000          4.20302522          0.14749061
          5.75625000          4.22034086          0.14303215
          5.76250000          4.21941833          0.14764880
          5.76875000          4.23216507          0.14319536
          5.77500000          4.22963004          0.14780699
          5.78125000          4.24239566          0.14334906
          5.78750000          4.23196416          0.14794901
          5.79375000          4.24275585          0.14348134
          5.80000000          4.23349364          0.14806820
          5.80625000          4.24287111          0.14359001
          5.81250000          4.23480921          0.14816618
          5.81875000          4.24312238          0.14367950
          5.82500000          4.23624331          0.14824860
          5.83125000          4.24243729          0.14375567
          5.83750000          4.23697650          0.14832014
          5.84375000          4.24323874          0.14382166
          5.85000000          4.23909257          0.14838193
          5.85625000          4.24142775          0.14387686
          5.86250000          4.23844629          0.14843230
          5.86875000          4.24789184          0.14391934
          5.87500000          4.24679764          0.14847012
          5.88125000          4.24735472          0.14394963
          5.88750000          4.23470390          0.14849823
          5.89375000          4.22923540          0.14397334
          5.90000000          4.22061233          0.14852448
          5.90625000          4.21637417          0.14400044
          5.91250000          4.21607702          0.14855942
          5.91875000          4.21483989          0.14404158
          5.92500000          4.21818254          0.14861200
          5.93125000          4.21443441          0.14410352
          5.93750000          4.21995351          0.14868566
          5.94375000          4.21990247          0.14418629
          5.95000000          4.23873640          0.14877716
          5.95625000          4.23774565          0.14428372
          5.96250000          4.25029906          0.14887857
          5.96875000          4.23823995          0.14438666
          5.97500000          4.25213235          0.14898111
          5.98125000          4.23782269          0.14448697
          5.98750000          4.25338983          0.14907832
          5.99375000          4.23735806          0.14457982
          6.00000000          4.25482055          0.14916730
          6.00625000          4.23591762          0.14466375
          6.01250000          4.25529704          0.14924773
          6.01875000          4.23632590          0.14473917
          6.02500000          4.25747996          0.14932035
          6.03125000          4.23517158          0.14480696
          6.03750000          4.25655833          0.14938609
          6.04375000          4.24134621          0.14486823
          6.05000000          4.26535817          0.14944633
          6.05625000          4.24296030          0.14492495
          6.06250000          4.26054441          0.14950366
          6.06875000          4.23410359          0.14498053
          6.07500000          4.25292950          0.14956196
          6.08125000          4.22835034          0.14503925
          6.08750000          4.24967690          0.14962526
          6.09375000          4.22733435          0.14510475
          6.10000000          4.24918109          0.14969620
          6.10625000          4.22940937          0.14517850
          6.11250000          4.25813375          0.14977487
          6.11875000          4.24039530          0.14525931
          6.12500000          4.26425616          0.14985905
          6.13125000          4.24363035          0.14534408
          6.13750000          4.26229631          0.14994535
          6.14375000          4.23951769          0.14542931
          6.15000000          4.25690657          0.15003064
          6.15625000          4.24031245          0.14551228
          6.16250000          4.25560394          0.15011290
          6.16875000          4.24210879          0.14559155
          6.17500000          4.25654262          0.15019129
          6.18125000          4.24765991          0.14566678
          6.18750000          4.26074069          0.15026593
          6.19375000          4.25223859          0.14573847
          6.20000000          4.26389135          0.15033762
          6.20625000          4.25729916          0.14580775
          6.21250000          4.26368954          0.15040773
          6.21875000          4.25600932          0.14587631
          6.22500000          4.25951478          0.15047806
          6.23125000          4.25409019          0.14594604
          6.23750000          4.25710952          0.15055038
          6.24375000          4.25454028          0.14601856
          6.25000000          4.25737277          0.15062590
          6.25625000          4.25755245          0.14609465
          6.26250000          4.26100719          0.15070486
          6.26875000          4.26338846          0.14617404
          6.27500000          4.26474800          0.15078659
          6.28125000          4.26813942          0.14625573
          6.28750000          4.26795859          0.15086995
          6.29375000          4.27060401          0.14633852
          6.30000000          4.26765600          0.15095385
          6.30625000          4.26907342          0.14642148
          6.31250000          4.26469505          0.15103768
          6.31875000          4.26808758          0.14650435
          6.32500000          4.26396432          0.15112153
          6.33125000          4.26600284          0.14658755
          6.33750000          4.26181373          0.15120617
          6.34375000          4.26241312          0.14667230
          6.35000000          4.25874936          0.15129312
          6.35625000          4.25788054          0.14676043
          6.36250000          4.25504130          0.15138443
          6.36875000          4.25296394          0.14685436
          6.37500000          4.25125758          0.15148265
          6.38125000          4.24799535          0.14695684
          6.38750000          4.24750396          0.15159053
          6.39375000          4.24298182          0.14707082
          6.40000000          4.24359197          0.15171112
          6.40625000          4.23786211          0.14719956
          6.41250000          4.23910571          0.15184752
          6.41875000          4.23255876          0.14734658
          6.42500000          4.23364997          0.15200423
          6.43125000          4.23037606          0.14751709
          6.43750000          4.23420481          0.15218498
          6.44375000          4.23125654          0.14771579
          6.45000000          4.23461155          0.15240193
          6.45625000          4.23228213          0.14795647
          6.46250000          4.23487058          0.15264823
          6.46875000          4.23328229          0.14823303
          6.47500000          4.23498237          0.15298850
          6.48125000          4.23427232          0.14861434
          6.48750000          4.23497315          0.15326354
          6.49375000          4.23511679          0.14893244
          6.50000000          4.23487774          0.15406924
          6.50625000          4.23581601          0.14981868
          6.51250000          4.23464054          0.15346477
          6.51875000          4.23648115          0.14922134
          6.52500000          4.23426163          0.15291707
          6.53125000          4.23736845          0.14869331
          6.53750000          4.23374301          0.15244755
          6.54375000          4.23856408          0.14825577
          6.55000000          4.23314791          0.15207534
          6.55625000          4.23967725          0.14792626
          6.56250000          4.23303972          0.15181477
          6.56875000          4.24066310          0.14771624
          6.57500000          4.23305396          0.15167323
          6.58125000          4.24146899          0.14762910
          6.58750000          4.23326953          0.15164960
          6.59375000          4.24227323          0.14765897
          6.60000000          4.23315485          0.15173343
          6.60625000          4.24252575          0.14779042
          6.61250000          4.23462627          0.15190541
          6.61875000          4.24408527          0.14799966
          6.62500000          4.23196458          0.15213921
          6.63125000          4.24150253          0.14825727
          6.63750000          4.24101120          0.15240493
          6.64375000          4.25990696          0.14853235
          6.65000000          4.25907128          0.15267344
          6.65625000          4.26810081          0.14879719
          6.66250000          4.26832886          0.15292099
          6.66875000          4.27619146          0.14903161
          6.67500000          4.26940816          0.15313263
          6.68125000          4.27715789          0.14922543
          6.68750000          4.27058305          0.15330348
          6.69375000          4.27797344          0.14937848
          6.70000000          4.27161056          0.15343742
          6.70625000          4.27870270          0.14949795
          6.71250000          4.27255336          0.15354349
          6.71875000          4.27918053          0.14959401
          6.72500000          4.27325490          0.15363126
          6.73125000          4.27979026          0.14967515
          6.73750000          4.27410843          0.15370692
          6.74375000          4.27975529          0.14974504
          6.75000000          4.27480314          0.15377131
          6.75625000          4.28050438          0.14980201
          6.76250000          4.27655225          0.15382091
          6.76875000          4.27897251          0.14984136
          6.77500000          4.27594050          0.15385109
          6.78125000          4.28660700          0.14985939
          6.78750000          4.28553372          0.15386025
          6.79375000          4.28169148          0.14985738
          6.80000000          4.26608284          0.15385304
          6.80625000          4.26109675          0.14984368
          6.81250000          4.24783306          0.15384081
          6.81875000          4.25036525          0.14983260
          6.82500000          4.24614438          0.15383907
          6.83125000          4.25102759          0.14984045
          6.83750000          4.24658734          0.15386274
          6.84375000          4.25142095          0.14988021
          6.85000000          4.24770317          0.15392110
          6.85625000          4.25236762          0.14995713
          6.86250000          4.24624691          0.15401470
          6.86875000          4.25254930          0.15006716
          6.87500000          4.26391087          0.15413559
          6.88125000          4.27684829          0.15019888
          6.88750000          4.28053914          0.15427059
          6.89375000          4.28146396          0.15033793
          6.90000000          4.28246066          0.15440611
          6.90625000          4.28327529          0.15047182
          6.91250000          4.28268865          0.15453215
          6.91875000          4.28323267          0.15059292
          6.92500000          4.28268096          0.15464395
          6.93125000          4.28372694          0.15069883
          6.93750000          4.28287832          0.15474107
          6.94375000          4.28453107          0.15079043
          6.95000000          4.28212952          0.15482504
          6.95625000          4.28458575          0.15086946
          6.96250000          4.28368853          0.15489738
          6.96875000          4.28641348          0.15093715
          6.97500000          4.28067075          0.15495907
          6.98125000          4.29256654          0.15099459
          6.98750000          4.29215919          0.15501161
          6.99375000          4.29714879          0.15104413
          7.00000000          4.28730107          0.15505837
          7.00625000          4.28501135          0.15109043
          7.01250000          4.27691549          0.15510497
          7.01875000          4.27646044          0.15114008
          7.02500000          4.27072359          0.15515812
          7.03125000          4.27278179          0.15119962
          7.03750000          4.27038273          0.15522322
          7.04375000          4.27541809          0.15127306
          7.05000000          4.27304144          0.15530232
          7.05625000          4.28312829          0.15136039
          7.06250000          4.28727823          0.15539343
          7.06875000          4.29644415          0.15145783
          7.07500000          4.29499004          0.15549161
          7.08125000          4.29791666          0.15155959
          7.08750000          4.29121834          0.15559108
          7.09375000          4.29225299          0.15166008
          7.10000000          4.29053910          0.15568709
          7.10625000          4.29289910          0.15175539
          7.11250000          4.29133846          0.15577687
          7.11875000          4.29257619          0.15184368
          7.12500000          4.29145365          0.15585946
          7.13125000          4.29443099          0.15192464
          7.13750000          4.29367433          0.15593508
          7.14375000          4.29690223          0.15199894
          7.15000000          4.29827517          0.15600475
          7.15625000          4.30300296          0.15206801
          7.16250000          4.30339625          0.15607026
          7.16875000          4.30380453          0.15213407
          7.17500000          4.29947927          0.15613412
          7.18125000          4.29863760          0.15220000
          7.18750000          4.29504722          0.15619931
          7.19375000          4.29567489          0.15226878
          7.20000000          4.29421120          0.15626840
          7.20625000          4.29646057          0.15234253
          7.21250000          4.29499991          0.15634278
          7.21875000          4.30215654          0.15242179
          7.22500000          4.30402356          0.15642211
          7.23125000          4.30833349          0.15250542
          7.23750000          4.30748749          0.15650462
          7.24375000          4.30863588          0.15259112
          7.25000000          4.30510093          0.15658783
          7.25625000          4.30343365          0.15267632
          7.26250000          4.30098039          0.15666939
          7.26875000          4.30065619          0.15275891
          7.27500000          4.29957910          0.15674764
          7.28125000          4.30091565          0.15283760
          7.28750000          4.30079612          0.15682169
          7.29375000          4.30338674          0.15291187
          7.30000000          4.30380283          0.15689139
          7.30625000          4.30678076          0.15298182
          7.31250000          4.30724510          0.15695706
          7.31875000          4.30971334          0.15304797
          7.32500000          4.30954575          0.15701933
          7.33125000          4.31089237          0.15311103
          7.33750000          4.30957774          0.15707885
          7.34375000          4.30941646          0.15317154
          7.35000000          4.30670760          0.15713597
          7.35625000          4.30494142          0.15322960
          7.36250000          4.30263223          0.15719045
          7.36875000          4.30345184          0.15328456
          7.37500000          4.30317704          0.15724131
          7.38125000          4.30353892          0.15333511
          7.38750000          4.30366958          0.15728704
          7.39375000          4.30358409          0.15337952
          7.40000000          4.30423261          0.15732580
          7.40625000          4.30392152          0.15341594
          7.41250000          4.30468695          0.15735613
          7.41875000          4.30414998          0.15344302
          7.42500000          4.30530559          0.15737621
          7.43125000          4.30450111          0.15345915
          7.43750000          4.30600871          0.15738686
          7.44375000          4.30489401          0.15346543
          7.45000000          4.30680331          0.15738323
          7.45625000          4.30561771          0.15345731
          7.46250000          4.30749025          0.15737850
          7.46875000          4.30623402          0.15344835
          7.47500000          4.30834556          0.15734081
          7.48125000          4.30674323          0.15340770
          7.48750000          4.30912202          0.15735720
          7.49375000          4.30714563          0.15342129
          7.50000000          4.30979213          0.15722517
          7.50625000          4.30760241          0.15329500
          7.51250000          4.31035617          0.15740775
          7.51875000          4.30816513          0.15346070
          7.52500000          4.31081423          0.15754818
          7.53125000          4.30862269          0.15358707
          7.53750000          4.31116699          0.15765468
          7.54375000          4.30897424          0.15368359
          7.55000000          4.31141359          0.15773716
          7.55625000          4.30922308          0.15376063
          7.56250000          4.31155720          0.15780540
          7.56875000          4.30963141          0.15382740
          7.57500000          4.31159088          0.15786704
          7.58125000          4.31041239          0.15388989
          7.58750000          4.31153212          0.15792580
          7.59375000          4.31121642          0.15394955
          7.60000000          4.31134453          0.15798072
          7.60625000          4.31204549          0.15400301
          7.61250000          4.31160053          0.15802642
          7.61875000          4.31268959          0.15404299
          7.62500000          4.31204837          0.15805458
          7.63125000          4.31348956          0.15406029
          7.63750000          4.31269524          0.15805625
          7.64375000          4.31417325          0.15404641
          7.65000000          4.31126194          0.15802447
          7.65625000          4.32170428          0.15399628
          7.66250000          4.32123712          0.15795689
          7.66875000          4.32469313          0.15391063
          7.67500000          4.30807291          0.15785766
          7.68125000          4.30202137          0.15379737
          7.68750000          4.28612065          0.15773804
          7.69375000          4.28254889          0.15367150
          7.70000000          4.27713958          0.15761554
          7.70625000          4.28310112          0.15355323
          7.71250000          4.27732756          0.15751116
          7.71875000          4.28354285          0.15346439
          7.72500000          4.27764346          0.15744536
          7.73125000          4.28393715          0.15342394
          7.73750000          4.27835967          0.15743351
          7.74375000          4.28398426          0.15344348
          7.75000000          4.27925274          0.15748216
          7.75625000          4.28492385          0.15352443
          7.76250000          4.28109154          0.15758740
          7.76875000          4.28223638          0.15365763
          7.77500000          4.27931031          0.15773594
          7.78125000          4.30063011          0.15382587
          7.78750000          4.30955627          0.15790869
          7.79375000          4.31970034          0.15400848
          7.80000000          4.31582696          0.15808572
          7.80625000          4.32183744          0.15418641
          7.81250000          4.31986791          0.15825084
          7.81875000          4.32155748          0.15434622
          7.82500000          4.32096818          0.15839437
          7.83125000          4.32122354          0.15448158
          7.83750000          4.32201455          0.15851339
          7.84375000          4.32065615          0.15459225
          7.85000000          4.32319062          0.15860968
          7.85625000          4.32034502          0.15468134
          7.86250000          4.32488704          0.15868673
          7.86875000          4.31909627          0.15475222
          7.87500000          4.32570322          0.15874717
          7.88125000          4.31962568          0.15480673
          7.88750000          4.32843804          0.15879199
          7.89375000          4.31659764          0.15484530
          7.90000000          4.32700955          0.15882150
          7.90625000          4.32607752          0.15486869
          7.91250000          4.33999267          0.15883741
          7.91875000          4.32558698          0.15488016
          7.92500000          4.32999529          0.15884468
          7.93125000          4.30881453          0.15488666
          7.93750000          4.31691284          0.15885173
          7.94375000          4.29595022          0.15489809
          7.95000000          4.30858398          0.15886878
          7.95625000          4.28826860          0.15492470
          7.96250000          4.30588232          0.15890481
          7.96875000          4.28732235          0.15497385
          7.97500000          4.30995723          0.15896454
          7.98125000          4.29146828          0.15504747
          7.98750000          4.31662580          0.15904691
          7.99375000          4.30682578          0.15514163
          8.00000000          4.33632735          0.15914575
