                Time     Total_Variation            L2_Error            L1_Error
          0.00000000          2.00000000          0.00000000          0.00000000
          0.02500000          2.00000000          0.11180340          0.02500000
          0.05000000          2.00000000          0.05929271          0.01875000
          0.07500000          2.00000000          0.11278177          0.02968750
          0.10000000          2.00000000          0.07235794          0.02402344
          0.12500000          2.00000000          0.11390724          0.03217773
          0.15000000          2.00000000          0.07837079          0.02678833
          0.17500000          2.00000000          0.11476496          0.03376617
          0.20000000          2.00000000          0.08186638          0.02853756
          0.22500000          2.00000000          0.11540817          0.03487468
          0.25000000          2.00000000          0.08414871          0.02975133
          0.27500000          2.00000000          0.11589847          0.03569103
          0.30000000          2.00000000          0.08574599          0.03064163
          0.32500000          2.00000000          0.11636790          0.03641782
          0.35000000          2.00000000          0.08720749          0.03144070
          0.37500000          2.00000000          0.11684482          0.03712934
          0.40000000          2.00000000          0.08864019          0.03227728
          0.42500000          2.00000000          0.11733779          0.03803220
          0.45000000          2.00000000          0.09021114          0.03369892
          0.47500000          2.00000000          0.12088816          0.04071327
          0.50000000          2.00000000          0.10026440          0.03694595
          0.52500000          2.00000000          0.13101599          0.04391575
          0.55000000          2.00000000          0.09804624          0.03620500
          0.57500000          2.00000000          0.11219681          0.03887006
          0.60000000          2.00000000          0.09842543          0.03623096
          0.62500000          2.00000000          0.11259564          0.03907936
          0.65000000          2.00000000          0.09896583          0.03651592
          0.67500000          2.00000000          0.11293746          0.03937034
          0.70000000          2.00000000          0.09949890          0.03682433
          0.72500000          2.00000000          0.11324114          0.03965391
          0.75000000          2.00000000          0.10001598          0.03712085
          0.77500000          2.00000000          0.11352373          0.03992038
          0.80000000          2.00000000          0.10051252          0.03740064
          0.82500000          2.00000000          0.11379018          0.04016960
          0.85000000          1.99999999          0.10098567          0.03766334
          0.87500000          1.99999999          0.11404201          0.04040241
          0.90000000          1.99999999          0.10143404          0.03790944
          0.92500000          1.99999999          0.11427983          0.04061975
          0.95000000          1.99999999          0.10185734          0.03813965
          0.97500000          1.99999998          0.11449775          0.04082253
          1.00000000          1.99999998          0.10225998          0.03835647
          1.02500000          1.99999998          0.11469942          0.04101277
          1.05000000          1.99999997          0.10264443          0.03856155
          1.07500000          1.99999997          0.13152597          0.04529121
          1.10000000          1.99999997          0.10301034          0.03875530
          1.12500000          1.99999996          0.13166993          0.04545620
          1.15000000          1.99999996          0.10335783          0.03893819
          1.17500000          1.99999995          0.13180850          0.04561208
          1.20000000          1.99999995          0.10368729          0.03911079
          1.22500000          1.99999994          0.13194143          0.04575941
          1.25000000          1.99999993          0.10399926          0.03927402
          1.27500000          1.99999993          0.13206861          0.04589970
          1.30000000          1.99999992          0.10429437          0.03943126
          1.32500000          1.99999991          0.13219007          0.04604075
          1.35000000          1.99999990          0.10457363          0.03960181
          1.37500000          1.99999990          0.13230851          0.04623031
          1.40000000          1.99999989          0.10485712          0.03990446
          1.42500000          1.99999988          0.13247356          0.04676328
          1.45000000          1.99999987          0.10555880          0.04104757
          1.47500000          1.99999986          0.13510268          0.04866195
          1.50000000          1.99999985          0.11264526          0.04334763
          1.52500000          1.99999984          0.14315365          0.05117471
          1.55000000          1.99999983          0.10953202          0.04226514
          1.57500000          1.99999982          0.14209583          0.05010030
          1.60000000          1.99999981          0.10921657          0.04172513
          1.62500000          1.99999980          0.14212889          0.04993247
          1.65000000          1.99999979          0.10927544          0.04166319
          1.67500000          1.99999978          0.14212385          0.04991223
          1.70000000          1.99999976          0.10930808          0.04166921
          1.72500000          1.99999975          0.14211632          0.04991910
          1.75000000          1.99999974          0.10933303          0.04168551
          1.77500000          1.99999973          0.14211376          0.04993157
          1.80000000          1.99999971          0.10935653          0.04170292
          1.82500000          1.99999970          0.14211518          0.04994527
          1.85000000          1.99999968          0.10937965          0.04171989
          1.87500000          1.99999967          0.14211911          0.04995909
          1.90000000          1.99999965          0.10940243          0.04173615
          1.92500000          1.99999964          0.14212457          0.04997262
          1.95000000          1.99999962          0.10942475          0.04175165
          1.97500000          1.99999961          0.14213090          0.04998569
          2.00000000          1.99999960          0.10944648          0.04176637
          2.02500000          1.99999958          0.14213773          0.04999822
          2.05000000          1.99999957          0.10946755          0.04178033
          2.07500000          1.99999955          0.14214478          0.05001018
          2.10000000          1.99999953          0.10948787          0.04179356
          2.12500000          1.99999951          0.14215189          0.05002155
          2.15000000          1.99999950          0.10950740          0.04180610
          2.17500000          1.99999948          0.14215894          0.05003241
          2.20000000          1.99999946          0.10952614          0.04181812
          2.22500000          1.99999944          0.14216587          0.05004307
          2.25000000          1.99999943          0.10954406          0.04183040
          2.27500000          1.99999941          0.14217263          0.05005542
          2.30000000          1.99999939          0.10956120          0.04184752
          2.32500000          1.99999937          0.14217924          0.05008048
          2.35000000          1.99999935          0.10957820          0.04189614
          2.37500000          1.99999933          0.14219100          0.05018281
          2.40000000          1.99999931          0.10963264          0.04213343
          2.42500000          1.99999929          0.14228879          0.05074288
          2.45000000          1.99999928          0.11044055          0.04344948
          2.47500000          1.99999925          0.14566433          0.05279221
          2.50000000          1.99999924          0.11900563          0.04596406
          2.52500000          1.99999921          0.15447598          0.05541714
          2.55000000          1.99999920          0.11748911          0.04490063
          2.57500000          1.99999917          0.15390422          0.05460260
          2.60000000          1.99999916          0.11742886          0.04464217
          2.62500000          1.99999913          0.15367306          0.05442336
          2.65000000          1.99999912          0.11742229          0.04461777
          2.67500000          1.99999909          0.15355410          0.05438354
          2.70000000          1.99999908          0.11743142          0.04463546
          2.72500000          1.99999905          0.15348113          0.05437545
          2.75000000          1.99999904          0.11744751          0.04465928
          2.77500000          1.99999901          0.15343079          0.05437627
          2.80000000          1.99999900          0.11746642          0.04468285
          2.82500000          1.99999897          0.15339329          0.05438037
          2.85000000          1.99999895          0.11748625          0.04470509
          2.87500000          1.99999893          0.15336388          0.05438590
          2.90000000          1.99999891          0.11750610          0.04472591
          2.92500000          1.99999889          0.15333994          0.05439208
          2.95000000          1.99999887          0.11752551          0.04474537
          2.97500000          1.99999885          0.15331993          0.05439851
          3.00000000          1.99999883          0.11754425          0.04476356
          3.02500000          1.99999880          0.15330285          0.05440497
          3.05000000          1.99999878          0.11756220          0.04478056
          3.07500000          1.99999875          0.15328805          0.05441133
          3.10000000          1.99999874          0.11757930          0.04479646
          3.12500000          1.99999870          0.15327507          0.05441753
          3.15000000          1.99999869          0.11759555          0.04481139
          3.17500000          1.99999865          0.15326356          0.05442360
          3.20000000          1.99999864          0.11761095          0.04482557
          3.22500000          1.99999860          0.15325328          0.05442993
          3.25000000          1.99999859          0.11762552          0.04484013
          3.27500000          1.99999855          0.15324405          0.05443903
          3.30000000          1.99999854          0.11763931          0.04486119
          3.32500000          1.99999850          0.15323583          0.05446558
          3.35000000          1.99999849          0.11765426          0.04492422
          3.37500000          1.99999845          0.15323688          0.05459509
          3.40000000          1.99999844          0.11770191          0.04523676
          3.42500000          1.99999841          0.15339292          0.05532908
          3.45000000          1.99999840          0.11938338          0.04674220
          3.47500000          1.99999836          0.15688876          0.05733344
          3.50000000          1.99999835          0.12640827          0.04890388
          3.52500000          1.99999831          0.16429613          0.05962476
          3.55000000          1.99999830          0.12462516          0.04779268
          3.57500000          1.99999826          0.16338096          0.05853064
          3.60000000          1.99999825          0.12447318          0.04738077
          3.62500000          1.99999821          0.16341504          0.05838653
          3.65000000          1.99999820          0.12453080          0.04732494
          3.67500000          1.99999816          0.16341811          0.05835865
          3.70000000          1.99999815          0.12456554          0.04732241
          3.72500000          1.99999811          0.16341355          0.05835365
          3.75000000          1.99999810          0.12458597          0.04732779
          3.77500000          1.99999806          0.16340727          0.05835325
          3.80000000          1.99999805          0.12459978          0.04733397
          3.82500000          1.99999802          0.16340119          0.05835399
          3.85000000          1.99999801          0.12460996          0.04733969
          3.87500000          1.99999797          0.16339549          0.05835503
          3.90000000          1.99999796          0.12461818          0.04734498
          3.92500000          1.99999792          0.16339029          0.05835622
          3.95000000          1.99999791          0.12462525          0.04734992
          3.97500000          1.99999787          0.16338563          0.05835752
          4.00000000          1.99999786          0.12463156          0.04735459
          4.02500000          1.99999780          0.16338149          0.05835888
          4.05000000          1.99999780          0.12463731          0.04735899
          4.07500000          1.99999774          0.16337780          0.05836029
          4.10000000          1.99999774          0.12464261          0.04736317
          4.12500000          1.99999769          0.16337450          0.05836173
          4.15000000          1.99999769          0.12464754          0.04736718
          4.17500000          1.99999763          0.16337154          0.05836329
          4.20000000          1.99999763          0.12465213          0.04737126
          4.22500000          1.99999758          0.16336887          0.05836555
          4.25000000          1.99999757          0.12465642          0.04737690
          4.27500000          1.99999752          0.16336647          0.05837203
          4.30000000          1.99999752          0.12466049          0.04739265
          4.32500000          1.99999746          0.16336456          0.05840340
          4.35000000          1.99999746          0.12466799          0.04746845
          4.37500000          1.99999741          0.16337769          0.05858042
          4.40000000          1.99999741          0.12473502          0.04789754
          4.42500000          1.99999735          0.16371361          0.05961111
          4.45000000          1.99999735          0.12729028          0.04962148
          4.47500000          1.99999730          0.16779187          0.06166604
          4.50000000          1.99999730          0.13496591          0.05186321
          4.52500000          1.99999724          0.17528388          0.06392671
          4.55000000          1.99999724          0.13394842          0.05082815
          4.57500000          1.99999719          0.17508473          0.06327588
          4.60000000          1.99999718          0.13399021          0.05060527
          4.62500000          1.99999713          0.17499713          0.06313119
          4.65000000          1.99999713          0.13397916          0.05055602
          4.67500000          1.99999708          0.17495096          0.06309265
          4.70000000          1.99999707          0.13396023          0.05054091
          4.72500000          1.99999702          0.15365910          0.05609059
          4.75000000          1.99999702          0.13394568          0.05053413
          4.77500000          1.99999697          0.15363915          0.05608262
          4.80000000          1.99999696          0.13393543          0.05053017
          4.82500000          1.99999691          0.11456607          0.04560211
          4.85000000          1.99999691          0.13392815          0.05052755
          4.87500000          1.99999686          0.11456639          0.04560162
          4.90000000          1.99999685          0.13392286          0.05052570
          4.92500000          1.99999680          0.11456647          0.04560126
          4.95000000          1.99999680          0.13391890          0.05052435
          4.97500000          1.99999675          0.11456643          0.04560099
          5.00000000          1.99999675          0.13391588          0.05052333
          5.02500000          1.99999670          0.11456633          0.04560077
          5.05000000          1.99999669          0.13391353          0.05052255
          5.07500000          1.99999664          0.11456620          0.04560060
          5.10000000          1.99999663          0.13391166          0.05052195
          5.12500000          1.99999659          0.11456606          0.04560049
          5.15000000          1.99999657          0.13391016          0.05052154
          5.17500000          1.99999653          0.11456592          0.04560055
          5.20000000          1.99999652          0.13390894          0.05052158
          5.22500000          1.99999648          0.11456579          0.04560149
          5.25000000          1.99999646          0.13390794          0.05052376
          5.27500000          1.99999642          0.11456568          0.04560745
          5.30000000          1.99999641          0.13390717          0.05053809
          5.32500000          1.99999636          0.11456646          0.04564259
          5.35000000          1.99999635          0.13391143          0.05062288
          5.37500000          1.99999631          0.11458255          0.04584781
          5.40000000          1.99999629          0.13398501          0.05111975
          5.42500000          1.99999625          0.11525397          0.04699002
          5.45000000          1.99999624          0.13658211          0.05283521
          5.47500000          1.99999619          0.12087790          0.04892306
          5.50000000          1.99999618          0.14334355          0.05485741
          5.52500000          1.99999614          0.11731708          0.04774754
          5.55000000          1.99999612          0.14215109          0.05376396
          5.57500000          1.99999608          0.11694398          0.04699568
          5.60000000          1.99999607          0.14206618          0.05345905
          5.62500000          1.99999603          0.11702263          0.04687392
          5.65000000          1.99999601          0.14199825          0.05337845
          5.67500000          1.99999597          0.11705550          0.04685007
          5.70000000          1.99999595          0.14194643          0.05334754
          5.72500000          1.99999591          0.11707052          0.04684368
          5.75000000          1.99999590          0.14191088          0.05333110
          5.77500000          1.99999586          0.11707932          0.04684096
          5.80000000          1.99999584          0.14188627          0.05332056
          5.82500000          1.99999580          0.11708525          0.04683931
          5.85000000          1.99999579          0.14186867          0.05331318
          5.87500000          1.99999574          0.11708956          0.04683814
          5.90000000          1.99999573          0.14185567          0.05330776
          5.92500000          1.99999569          0.11709281          0.04683726
          5.95000000          1.99999567          0.14184581          0.05330365
          5.97500000          1.99999564          0.11709532          0.04683658
          6.00000000          1.99999562          0.14183815          0.05330045
          6.02500000          1.99999558          0.11709731          0.04683604
          6.05000000          1.99999556          0.14183209          0.05329792
          6.07500000          1.99999553          0.11709890          0.04683562
          6.10000000          1.99999550          0.14182722          0.05329591
          6.12500000          1.99999547          0.11710019          0.04683531
          6.15000000          1.99999544          0.14182326          0.05329436
          6.17500000          1.99999541          0.11710125          0.04683528
          6.20000000          1.99999538          0.14182001          0.05329364
          6.22500000          1.99999535          0.11710212          0.04683657
          6.25000000          1.99999532          0.14181731          0.05329620
          6.27500000          1.99999529          0.11710288          0.04684529
          6.30000000          1.99999526          0.14181521          0.05331682
          6.32500000          1.99999523          0.11710548          0.04689714
          6.35000000          1.99999520          0.14182269          0.05344166
          6.37500000          1.99999517          0.11714203          0.04720132
          6.40000000          1.99999514          0.14200440          0.05417635
          6.42500000          1.99999511          0.11883404          0.04866941
          6.45000000          1.99999508          0.14557009          0.05609458
          6.47500000          1.99999505          0.12525239          0.05066805
          6.50000000          1.99999502          0.15295582          0.05825330
          6.52500000          1.99999499          0.12300470          0.04956621
          6.55000000          1.99999496          0.15204775          0.05718641
          6.57500000          1.99999494          0.12284618          0.04905910
          6.60000000          1.99999491          0.15210299          0.05700522
          6.62500000          1.99999488          0.12292916          0.04898555
          6.65000000          1.99999485          0.15212159          0.05696866
          6.67500000          1.99999482          0.12297175          0.04897497
          6.70000000          1.99999479          0.15212618          0.05695952
          6.72500000          1.99999476          0.12299231          0.04897373
          6.75000000          1.99999473          0.15212599          0.05695580
          6.77500000          1.99999470          0.12300312          0.04897367
          6.80000000          1.99999467          0.15212424          0.05695350
          6.82500000          1.99999464          0.12300932          0.04897366
          6.85000000          1.99999461          0.15212220          0.05695179
          6.87500000          1.99999459          0.12301307          0.04897354
          6.90000000          1.99999456          0.15212029          0.05695042
          6.92500000          1.99999453          0.12301538          0.04897332
          6.95000000          1.99999450          0.15211854          0.05694929
          6.97500000          1.99999447          0.12301692          0.04897309
          7.00000000          1.99999443          0.15211701          0.05694835
          7.02500000          1.99999441          0.12301800          0.04897286
          7.05000000          1.99999436          0.15211572          0.05694757
          7.07500000          1.99999435          0.12301880          0.04897267
          7.10000000          1.99999430          0.15211463          0.05694695
          7.12500000          1.99999428          0.12301941          0.04897256
          7.15000000          1.99999423          0.15211372          0.05694654
          7.17500000          1.99999422          0.12301989          0.04897271
          7.20000000          1.99999417          0.15211295          0.05694683
          7.22500000          1.99999415          0.12302028          0.04897436
          7.25000000          1.99999410          0.15211231          0.05695074
          7.27500000          1.99999409          0.12302064          0.04898461
          7.30000000          1.99999404          0.15211198          0.05697541
          7.32500000          1.99999402          0.12302349          0.04904481
          7.35000000          1.99999398          0.15212277          0.05712075
          7.37500000          1.99999396          0.12306870          0.04939741
          7.40000000          1.99999391          0.15236861          0.05797273
          7.42500000          1.99999390          0.12490348          0.05087689
          7.45000000          1.99999385          0.15558886          0.05975230
          7.47500000          1.99999383          0.13065445          0.05270918
          7.50000000          1.99999379          0.16207740          0.06173329
          7.52500000          1.99999377          0.12823926          0.05159781
          7.55000000          1.99999372          0.16127406          0.06070803
          7.57500000          1.99999371          0.12807402          0.05104389
          7.60000000          1.99999366          0.16131619          0.06050522
          7.62500000          1.99999364          0.12816111          0.05096379
          7.65000000          1.99999360          0.16132900          0.06046358
          7.67500000          1.99999358          0.12820348          0.05095191
          7.70000000          1.99999353          0.16132926          0.06045250
          7.72500000          1.99999352          0.12822248          0.05095019
          7.75000000          1.99999347          0.16132580          0.06044770
          7.77500000          1.99999346          0.12823160          0.05094981
          7.80000000          1.99999341          0.16132197          0.06044467
          7.82500000          1.99999339          0.12823571          0.05094923
          7.85000000          1.99999335          0.16131816          0.06044225
          7.87500000          1.99999333          0.12823754          0.05094853
          7.90000000          1.99999328          0.16131472          0.06044025
          7.92500000          1.99999327          0.12823836          0.05094786
          7.95000000          1.99999322          0.16131179          0.06043861
          7.97500000          1.99999321          0.12823870          0.05094726
          8.00000000          1.99999314          0.16130935          0.06043729
