                   x         u_numerical        u_analytical
         -0.98750000          0.00000000          0.00000000
         -0.96250000          0.00000000          0.00000000
         -0.93750000          0.00000000          0.00000000
         -0.91250000          0.00000000          0.00000000
         -0.88750000          0.00000000          0.00000000
         -0.86250000          0.00000000          0.00000000
         -0.83750000          0.00000000          0.00000000
         -0.81250000          0.00000000          0.00000000
         -0.78750000          0.00000000          0.00000000
         -0.76250000          0.00000001          0.00000000
         -0.73750000          0.00000004          0.00000000
         -0.71250000          0.00000025          0.00000000
         -0.68750000          0.00000148          0.00000000
         -0.66250000          0.00000870          0.00000000
         -0.63750000          0.00005097          0.00000000
         -0.61250000          0.00029755          0.00000000
         -0.58750000          0.00173409          0.00000000
         -0.56250000          0.01010022          0.00000000
         -0.53750000          0.05883507          0.00000000
         -0.51250000          0.27719081          0.00000000
         -0.48750000          0.58263105          1.00000000
         -0.46250000          0.86688021          1.00000000
         -0.43750000          0.97718407          1.00000000
         -0.41250000          0.99609513          1.00000000
         -0.38750000          0.99933318          1.00000000
         -0.36250000          0.99988647          1.00000000
         -0.33750000          0.99998074          1.00000000
         -0.31250000          0.99999675          1.00000000
         -0.28750000          0.99999945          1.00000000
         -0.26250000          0.99999991          1.00000000
         -0.23750000          0.99999998          1.00000000
         -0.21250000          1.00000000          1.00000000
         -0.18750000          1.00000000          1.00000000
         -0.16250000          1.00000000          1.00000000
         -0.13750000          1.00000000          1.00000000
         -0.11250000          1.00000000          1.00000000
         -0.08750000          1.00000000          1.00000000
         -0.06250000          1.00000000          1.00000000
         -0.03750000          1.00000000          1.00000000
         -0.01250000          1.00000000          1.00000000
          0.01250000          1.00000000          1.00000000
          0.03750000          1.00000000          1.00000000
          0.06250000          1.00000000          1.00000000
          0.08750000          1.00000000          1.00000000
          0.11250000          1.00000000          1.00000000
          0.13750000          1.00000000          1.00000000
          0.16250000          1.00000000          1.00000000
          0.18750000          1.00000000          1.00000000
          0.21250000          1.00000000          1.00000000
          0.23750000          0.99999999          1.00000000
          0.26250000          0.99999997          1.00000000
          0.28750000          0.99999980          1.00000000
          0.31250000          0.99999881          1.00000000
          0.33750000          0.99999306          1.00000000
          0.36250000          0.99995945          1.00000000
          0.38750000          0.99976341          1.00000000
          0.41250000          0.99862029          1.00000000
          0.43750000          0.99195636          1.00000000
          0.46250000          0.95311344          1.00000000
          0.48750000          0.75320651          1.00000000
          0.51250000          0.40637178          0.00000000
          0.53750000          0.10341064          0.00000000
          0.56250000          0.01774116          0.00000000
          0.58750000          0.00304328          0.00000000
          0.61250000          0.00052189          0.00000000
          0.63750000          0.00008946          0.00000000
          0.66250000          0.00001532          0.00000000
          0.68750000          0.00000262          0.00000000
          0.71250000          0.00000045          0.00000000
          0.73750000          0.00000008          0.00000000
          0.76250000          0.00000001          0.00000000
          0.78750000          0.00000000          0.00000000
          0.81250000          0.00000000          0.00000000
          0.83750000          0.00000000          0.00000000
          0.86250000          0.00000000          0.00000000
          0.88750000          0.00000000          0.00000000
          0.91250000          0.00000000          0.00000000
          0.93750000          0.00000000          0.00000000
          0.96250000          0.00000000          0.00000000
          0.98750000          0.00000000          0.00000000
