                Time     Total_Variation            L2_Error
          0.00000000          2.00000000          0.00000000
          0.00625000          2.00000000          0.05590170
          0.01250000          2.00001953          0.02964635
          0.01875000          2.00004883          0.05639088
          0.02500000          2.00008301          0.03617897
          0.03125000          2.00011963          0.05695362
          0.03750000          2.00015747          0.03918539
          0.04375000          2.00019592          0.05738248
          0.05000000          2.00023468          0.04093319
          0.05625000          2.00027359          0.05770409
          0.06250000          2.00031258          0.04207436
          0.06875000          2.00035160          0.05794924
          0.07500000          2.00039064          0.04287300
          0.08125000          2.00042970          0.05818396
          0.08750000          2.00046875          0.04360375
          0.09375000          2.00050781          0.05842227
          0.10000000          2.00054688          0.04431775
          0.10625000          2.00058594          0.05865947
          0.11250000          2.00062500          0.04500174
          0.11875000          2.00066406          0.05889291
          0.12500000          2.00070313          0.04565120
          0.13125000          2.00074219          0.05912091
          0.13750000          2.00078125          0.04626501
          0.14375000          2.00082031          0.05934234
          0.15000000          2.00085938          0.04684359
          0.15625000          2.00089844          0.05955648
          0.16250000          2.00093750          0.04738810
          0.16875000          2.00097656          0.05976285
          0.17500000          2.00101563          0.04790006
          0.18125000          2.00105469          0.05996115
          0.18750000          2.00109375          0.04838111
          0.19375000          2.00113281          0.06015126
          0.20000000          2.00117188          0.04883295
          0.20625000          2.00121094          0.06033315
          0.21250000          2.00125000          0.04925726
          0.21875000          2.00128906          0.06050686
          0.22500000          2.00132813          0.04965566
          0.23125000          2.00136719          0.06067251
          0.23750000          2.00140625          0.05002971
          0.24375000          2.00144531          0.06083026
          0.25000000          2.00148438          0.05038088
          0.25625000          2.00152344          0.06098033
          0.26250000          2.00156250          0.05071057
          0.26875000          2.00160156          0.06112293
          0.27500000          2.00164063          0.05102012
          0.28125000          2.00167969          0.06125832
          0.28750000          2.00171875          0.05131075
          0.29375000          2.00175781          0.06138675
          0.30000000          2.00179687          0.05158364
          0.30625000          2.00183594          0.06150850
          0.31250000          2.00187500          0.05183989
          0.31875000          2.00191406          0.06162383
          0.32500000          2.00195312          0.05208052
          0.33125000          2.00199219          0.06173303
          0.33750000          2.00203125          0.05230650
          0.34375000          2.00207031          0.06183635
          0.35000000          2.00210937          0.05251874
          0.35625000          2.00214844          0.06193408
          0.36250000          2.00218750          0.05271808
          0.36875000          2.00222656          0.06202646
          0.37500000          2.00226561          0.05290532
          0.38125000          2.00230463          0.06211377
          0.38750000          2.00234359          0.05308121
          0.39375000          2.00238235          0.06219625
          0.40000000          2.00242061          0.05324643
          0.40625000          2.00245750          0.06227415
          0.41250000          2.00249086          0.05340166
          0.41875000          2.00251508          0.06234768
          0.42500000          2.00251598          0.05354749
          0.43125000          2.00245789          0.06241710
          0.43750000          2.00225181          0.05368453
          0.44375000          2.00167695          0.06248262
          0.45000000          2.00018823          0.05381334
          0.45625000          2.00000000          0.06254441
          0.46250000          2.00000000          0.05393435
          0.46875000          2.00000000          0.06260732
          0.47500000          2.00000000          0.05407068
          0.48125000          2.00000000          0.06269721
          0.48750000          2.00000000          0.05440210
          0.49375000          2.00000000          0.06413184
          0.50000000          2.00000000          0.05780474
          0.50625000          2.00000000          0.06828293
          0.51250000          2.00000000          0.05617458
          0.51875000          2.00000000          0.06771312
          0.52500000          2.00000000          0.05601927
          0.53125000          2.00000000          0.06773010
          0.53750000          2.00000000          0.05606689
          0.54375000          2.00000000          0.06773327
          0.55000000          2.00000000          0.05610291
          0.55625000          2.00129543          0.06773606
          0.56250000          2.00224350          0.05613457
          0.56875000          2.00278947          0.06774177
          0.57500000          2.00311943          0.05616442
          0.58125000          2.00332721          0.06774856
          0.58750000          2.00346410          0.05619079
          0.59375000          2.00355954          0.06775929
          0.60000000          2.00363082          0.05621652
          0.60625000          2.00368812          0.06777180
          0.61250000          2.00373742          0.05624191
          0.61875000          2.00378217          0.06778459
          0.62500000          2.00382438          0.05626677
          0.63125000          2.00386516          0.06779696
          0.63750000          2.00390516          0.05629092
          0.64375000          2.00394473          0.06780862
          0.65000000          2.00398406          0.05631423
          0.65625000          2.00402327          0.06781952
          0.66250000          2.00406241          0.05633663
          0.66875000          2.00410152          0.06782964
          0.67500000          2.00414060          0.05635806
          0.68125000          2.00417967          0.06783907
          0.68750000          2.00421874          0.05637850
          0.69375000          2.00425781          0.06784789
          0.70000000          2.00429687          0.05639796
          0.70625000          2.00433594          0.06785617
          0.71250000          2.00437500          0.05641649
          0.71875000          2.00441406          0.06786396
          0.72500000          2.00445312          0.05643410
          0.73125000          2.00449219          0.06787130
          0.73750000          2.00453125          0.05645085
          0.74375000          2.00457031          0.06787821
          0.75000000          2.00460937          0.05646676
          0.75625000          2.00464844          0.06788471
          0.76250000          2.00468750          0.05648186
          0.76875000          2.00472656          0.06789085
          0.77500000          2.00476562          0.05649620
          0.78125000          2.00480469          0.06789662
          0.78750000          2.00484375          0.05650982
          0.79375000          2.00488281          0.06790207
          0.80000000          2.00492187          0.05652274
          0.80625000          2.00496094          0.06790720
          0.81250000          2.00500000          0.05653500
          0.81875000          2.00503906          0.06791203
          0.82500000          2.00507812          0.05654664
          0.83125000          2.00511719          0.06791657
          0.83750000          2.00515625          0.05655769
          0.84375000          2.00519531          0.06792085
          0.85000000          2.00523437          0.05656818
          0.85625000          2.00527344          0.06792488
          0.86250000          2.00531250          0.05657813
          0.86875000          2.00535156          0.06792867
          0.87500000          2.00539063          0.05658757
          0.88125000          2.00542969          0.06793224
          0.88750000          2.00546875          0.05659653
          0.89375000          2.00550781          0.06793561
          0.90000000          2.00554688          0.05660504
          0.90625000          2.00558594          0.06793878
          0.91250000          2.00562500          0.05661311
          0.91875000          2.00566406          0.06794178
          0.92500000          2.00570312          0.05662078
          0.93125000          2.00574219          0.06794461
          0.93750000          2.00578125          0.05662806
          0.94375000          2.00582031          0.06794729
          0.95000000          2.00585938          0.05663498
          0.95625000          2.00589844          0.06794982
          0.96250000          2.00593750          0.05664155
          0.96875000          2.00597656          0.06795223
          0.97500000          2.00601562          0.05664780
          0.98125000          2.00605469          0.06795452
          0.98750000          2.00609375          0.05665374
          0.99375000          2.00613281          0.06795669
          1.00000000          2.00617187          0.05665939
          1.00625000          2.00621094          0.06795876
          1.01250000          2.00625000          0.05666478
          1.01875000          2.00628906          0.06796074
          1.02500000          2.00632813          0.05666990
          1.03125000          2.00636719          0.06796264
          1.03750000          2.00640625          0.05667479
          1.04375000          2.00644531          0.06796445
          1.05000000          2.00648437          0.05667944
          1.05625000          2.00652344          0.06796619
          1.06250000          2.00656250          0.05668389
          1.06875000          2.00660156          0.06796787
          1.07500000          2.00664063          0.05668813
          1.08125000          2.00667969          0.06796949
          1.08750000          2.00671875          0.05669219
          1.09375000          2.00675781          0.06797105
          1.10000000          2.00679687          0.05669607
          1.10625000          2.00683594          0.06797256
          1.11250000          2.00687500          0.05669979
          1.11875000          2.00691406          0.06797402
          1.12500000          2.00695312          0.05670335
          1.13125000          2.00699219          0.06797544
          1.13750000          2.00703125          0.05670677
          1.14375000          2.00707031          0.06797682
          1.15000000          2.00710937          0.05671005
          1.15625000          2.00714844          0.06797817
          1.16250000          2.00718750          0.05671320
          1.16875000          2.00722656          0.06797949
          1.17500000          2.00726562          0.05671623
          1.18125000          2.00730469          0.06798078
          1.18750000          2.00734375          0.05671916
          1.19375000          2.00738281          0.06798205
          1.20000000          2.00742188          0.05672198
          1.20625000          2.00746094          0.06093871
          1.21250000          2.00750000          0.05672470
          1.21875000          2.00753906          0.06094085
          1.22500000          2.00757812          0.05672733
          1.23125000          2.00761719          0.06094294
          1.23750000          2.00765625          0.05672987
          1.24375000          2.00769531          0.06094497
          1.25000000          2.00773438          0.05673234
          1.25625000          2.00777344          0.06094694
          1.26250000          2.00781250          0.05673474
          1.26875000          2.00785156          0.06094887
          1.27500000          2.00789062          0.05673707
          1.28125000          2.00792969          0.06095075
          1.28750000          2.00796875          0.05673934
          1.29375000          2.00800781          0.06095258
          1.30000000          2.00804687          0.05674155
          1.30625000          2.00808594          0.06095438
          1.31250000          2.00812500          0.05674371
          1.31875000          2.00816406          0.06095614
          1.32500000          2.00820312          0.05674582
          1.33125000          2.00824219          0.06095787
          1.33750000          2.00828125          0.05674789
          1.34375000          2.00832031          0.06095957
          1.35000000          2.00835937          0.05674991
          1.35625000          2.00839843          0.06096125
          1.36250000          2.00843749          0.05675191
          1.36875000          2.00847654          0.06096290
          1.37500000          2.00851558          0.05675387
          1.38125000          2.00855458          0.06096454
          1.38750000          2.00859349          0.05675580
          1.39375000          2.00863217          0.06096615
          1.40000000          2.00867033          0.05675770
          1.40625000          2.00870720          0.06096776
          1.41250000          2.00874096          0.05675958
          1.41875000          2.00876723          0.06096934
          1.42500000          2.00877537          0.05676143
          1.43125000          2.00877029          0.06097089
          1.43750000          2.00876266          0.05676320
          1.44375000          2.00876138          0.06097228
          1.45000000          2.00875385          0.05676460
          1.45625000          2.00875313          0.06097404
          1.46250000          2.00874831          0.05676504
          1.46875000          2.00874648          0.06096284
          1.47500000          2.00874341          0.05673705
          1.48125000          2.00874074          0.06106693
          1.48750000          2.00873883          0.05711496
          1.49375000          2.00873563          0.06276798
          1.50000000          2.00873430          0.05990329
          1.50625000          2.00873081          0.06007457
          1.51250000          2.00872994          0.05831995
          1.51875000          2.00872626          0.05903868
          1.52500000          2.00872578          0.05823476
          1.53125000          2.00872199          0.05901229
          1.53750000          2.00872182          0.05828718
          1.54375000          2.00871847          0.05905247
          1.55000000          2.00871834          0.05830785
          1.55625000          2.00871565          0.05907633
          1.56250000          2.00871532          0.05831781
          1.56875000          2.00871298          0.05908958
          1.57500000          2.00871251          0.05832453
          1.58125000          2.00915969          0.05909987
          1.58750000          2.00933321          0.05833554
          1.59375000          2.00953950          0.05911154
          1.60000000          2.00957936          0.05834084
          1.60625000          2.00963414          0.05911982
          1.61250000          2.00964896          0.05834629
          1.61875000          2.00966142          0.05912729
          1.62500000          2.00967431          0.05835168
          1.63125000          2.00967432          0.05913408
          1.63750000          2.00969942          0.05835524
          1.64375000          2.00969288          0.05913895
          1.65000000          2.00972807          0.05835738
          1.65625000          2.00972459          0.05914187
          1.66250000          2.00976091          0.05835871
          1.66875000          2.00976942          0.05914326
          1.67500000          2.00980174          0.05835952
          1.68125000          2.00981921          0.05914355
          1.68750000          2.00984804          0.05836004
          1.69375000          2.00987217          0.05914310
          1.70000000          2.00989812          0.05836040
          1.70625000          2.00992747          0.05914217
          1.71250000          2.00995104          0.05836063
          1.71875000          2.00998310          0.05914092
          1.72500000          2.01000504          0.05836079
          1.73125000          2.01003917          0.05913948
          1.73750000          2.01005986          0.05836095
          1.74375000          2.01009586          0.05913797
          1.75000000          2.01011549          0.05836115
          1.75625000          2.01015319          0.05913648
          1.76250000          2.01017357          0.05836142
          1.76875000          2.01021198          0.05913508
          1.77500000          2.01023680          0.05836179
          1.78125000          2.01027387          0.05913382
          1.78750000          2.01030170          0.05836224
          1.79375000          2.01033760          0.05913273
          1.80000000          2.01036680          0.05836280
          1.80625000          2.01040194          0.05913182
          1.81250000          2.01043233          0.05836344
          1.81875000          2.01046686          0.05913107
          1.82500000          2.01049831          0.05836414
          1.83125000          2.01053231          0.05913047
          1.83750000          2.01056489          0.05836490
          1.84375000          2.01059834          0.05912999
          1.85000000          2.01063196          0.05836572
          1.85625000          2.01066490          0.05912964
          1.86250000          2.01069944          0.05836662
          1.86875000          2.01073192          0.05912942
          1.87500000          2.01076726          0.05836758
          1.88125000          2.01079933          0.05912933
          1.88750000          2.01083537          0.05836862
          1.89375000          2.01086709          0.05912937
          1.90000000          2.01090376          0.05836974
          1.90625000          2.01093515          0.05912955
          1.91250000          2.01097242          0.05837092
          1.91875000          2.01100350          0.05912985
          1.92500000          2.01104134          0.05837218
          1.93125000          2.01107215          0.05913027
          1.93750000          2.01111040          0.05837349
          1.94375000          2.01114215          0.05913081
          1.95000000          2.01118016          0.05837487
          1.95625000          2.01121264          0.05913146
          1.96250000          2.01125035          0.05837630
          1.96875000          2.01128335          0.05913221
          1.97500000          2.01132056          0.05837779
          1.98125000          2.01135347          0.05913305
          1.98750000          2.01138891          0.05837934
          1.99375000          2.01141857          0.05913400
          2.00000000          2.01144437          0.05838093
          2.00625000          2.01146152          0.05913503
          2.01250000          2.01148471          0.05838259
          2.01875000          2.01150987          0.05913616
          2.02500000          2.01153971          0.05838430
          2.03125000          2.01157034          0.05913738
          2.03750000          2.01160391          0.05838609
          2.04375000          2.01163781          0.05913869
          2.05000000          2.01167329          0.05838794
          2.05625000          2.01170892          0.05914009
          2.06250000          2.01174509          0.05838986
          2.06875000          2.01178152          0.05914158
          2.07500000          2.01181779          0.05839186
          2.08125000          2.01185461          0.05914316
          2.08750000          2.01189077          0.05839392
          2.09375000          2.01192779          0.05914483
          2.10000000          2.01196381          0.05839606
          2.10625000          2.01200098          0.05914658
          2.11250000          2.01203691          0.05839828
          2.11875000          2.01207421          0.05914843
          2.12500000          2.01211007          0.05840056
          2.13125000          2.01214752          0.05915036
          2.13750000          2.01218332          0.05840291
          2.14375000          2.01222090          0.05915238
          2.15000000          2.01225665          0.05840534
          2.15625000          2.01229436          0.05915448
          2.16250000          2.01233007          0.05840784
          2.16875000          2.01236790          0.05915667
          2.17500000          2.01240356          0.05841041
          2.18125000          2.01244150          0.05915894
          2.18750000          2.01247713          0.05841306
          2.19375000          2.01251517          0.05916131
          2.20000000          2.01255076          0.05841578
          2.20625000          2.01258890          0.05916375
          2.21250000          2.01262445          0.05841857
          2.21875000          2.01266270          0.05916628
          2.22500000          2.01269823          0.05842143
          2.23125000          2.01273658          0.05916889
          2.23750000          2.01277209          0.05842436
          2.24375000          2.01281057          0.05917159
          2.25000000          2.01284608          0.05842737
          2.25625000          2.01288468          0.05917436
          2.26250000          2.01292043          0.05843044
          2.26875000          2.01295910          0.05917722
          2.27500000          2.01299524          0.05843359
          2.28125000          2.01303392          0.05918015
          2.28750000          2.01307047          0.05843680
          2.29375000          2.01310923          0.05918316
          2.30000000          2.01314625          0.05844009
          2.30625000          2.01318520          0.05918625
          2.31250000          2.01322277          0.05844344
          2.31875000          2.01326204          0.05918941
          2.32500000          2.01330028          0.05844686
          2.33125000          2.01334005          0.05919265
          2.33750000          2.01337911          0.05845036
          2.34375000          2.01341962          0.05919596
          2.35000000          2.01345925          0.05845391
          2.35625000          2.01350043          0.05919933
          2.36250000          2.01354180          0.05845752
          2.36875000          2.01358495          0.05920277
          2.37500000          2.01362871          0.05846120
          2.38125000          2.01367568          0.05920626
          2.38750000          2.01371904          0.05846492
          2.39375000          2.01376224          0.05920981
          2.40000000          2.01380176          0.05846869
          2.40625000          2.01383493          0.05921340
          2.41250000          2.01385801          0.05847251
          2.41875000          2.01386035          0.05921705
          2.42500000          2.01381357          0.05847640
          2.43125000          2.01364890          0.05922078
          2.43750000          2.01319969          0.05848045
          2.44375000          2.01206315          0.05922489
          2.45000000          2.00926732          0.05848510
          2.45625000          2.00246470          0.05922983
          2.46250000          1.99888644          0.05849330
          2.46875000          1.99888492          0.05925100
          2.47500000          1.99888377          0.05850657
          2.48125000          1.99888223          0.05930947
          2.48750000          1.99888114          0.05940074
          2.49375000          1.99887957          0.06191940
          2.50000000          1.99887855          0.06314564
          2.50625000          1.99887694          0.05946875
          2.51250000          1.99887599          0.06206164
          2.51875000          1.99887438          0.05897790
          2.52500000          1.99887348          0.06193014
          2.53125000          1.99887186          0.05889640
          2.53750000          1.99887102          0.06194535
          2.54375000          2.00472575          0.05889339
          2.55000000          2.00903110          0.06196360
          2.55625000          2.01145612          0.05890120
          2.56250000          2.01287326          0.06197304
          2.56875000          2.01371685          0.05890503
          2.57500000          2.01422686          0.06198418
          2.58125000          2.01453945          0.05891211
          2.58750000          2.01473805          0.06199582
          2.59375000          2.01486527          0.05892189
          2.60000000          2.01495030          0.06200703
          2.60625000          2.01501136          0.05893331
          2.61250000          2.01506084          0.06201750
          2.61875000          2.01510207          0.05894466
          2.62500000          2.01513998          0.06202683
          2.63125000          2.01517470          0.05895599
          2.63750000          2.01520963          0.06203519
          2.64375000          2.01524305          0.05896735
          2.65000000          2.01527779          0.06204284
          2.65625000          2.01531163          0.05897866
          2.66250000          2.01534717          0.06205001
          2.66875000          2.01538187          0.05898984
          2.67500000          2.01541834          0.06205681
          2.68125000          2.01545386          0.05900085
          2.68750000          2.01549109          0.06206334
          2.69375000          2.01552721          0.05901164
          2.70000000          2.01556498          0.06206969
          2.70625000          2.01560153          0.05902220
          2.71250000          2.01563967          0.06207594
          2.71875000          2.01567650          0.05903253
          2.72500000          2.01571489          0.06208215
          2.73125000          2.01575190          0.05904265
          2.73750000          2.01579046          0.06208837
          2.74375000          2.01582758          0.05905258
          2.75000000          2.01586626          0.06209461
          2.75625000          2.01590346          0.05906234
          2.76250000          2.01594222          0.06210090
          2.76875000          2.01597946          0.05907196
          2.77500000          2.01601827          0.06210724
          2.78125000          2.01605554          0.05908144
          2.78750000          2.01609439          0.06211365
          2.79375000          2.01613168          0.05909082
          2.80000000          2.01617056          0.06212011
          2.80625000          2.01620785          0.05910011
          2.81250000          2.01624676          0.06212664
          2.81875000          2.01628406          0.05910932
          2.82500000          2.01632298          0.06213323
          2.83125000          2.01636030          0.05911847
          2.83750000          2.01639923          0.06213989
          2.84375000          2.01643661          0.05912757
          2.85000000          2.01647553          0.06214660
          2.85625000          2.01651296          0.05913662
          2.86250000          2.01655186          0.06215337
          2.86875000          2.01658934          0.05914564
          2.87500000          2.01662823          0.06216020
          2.88125000          2.01666576          0.05915463
          2.88750000          2.01670462          0.06216709
          2.89375000          2.01674220          0.05916359
          2.90000000          2.01678104          0.06217404
          2.90625000          2.01681867          0.05917254
          2.91250000          2.01685749          0.06218104
          2.91875000          2.01689516          0.05918148
          2.92500000          2.01693397          0.06218811
          2.93125000          2.01697169          0.05919041
          2.93750000          2.01701048          0.06219524
          2.94375000          2.01704823          0.05919934
          2.95000000          2.01708700          0.06220244
          2.95625000          2.01712481          0.05920828
          2.96250000          2.01716356          0.06220970
          2.96875000          2.01720140          0.05921722
          2.97500000          2.01724014          0.06221702
          2.98125000          2.01727802          0.05922617
          2.98750000          2.01731674          0.06222441
          2.99375000          2.01735467          0.05923513
          3.00000000          2.01739337          0.06223187
          3.00625000          2.01743134          0.05924410
          3.01250000          2.01747002          0.06223940
          3.01875000          2.01750803          0.05925309
          3.02500000          2.01754669          0.06224699
          3.03125000          2.01758474          0.05926209
          3.03750000          2.01762339          0.06225466
          3.04375000          2.01766147          0.05927112
          3.05000000          2.01770010          0.06226241
          3.05625000          2.01773822          0.05928018
          3.06250000          2.01777684          0.06227023
          3.06875000          2.01781500          0.05928926
          3.07500000          2.01785360          0.06227813
          3.08125000          2.01789179          0.05929838
          3.08750000          2.01793038          0.06228611
          3.09375000          2.01796861          0.05930753
          3.10000000          2.01800718          0.06229418
          3.10625000          2.01804544          0.05931672
          3.11250000          2.01808400          0.06230233
          3.11875000          2.01812229          0.05932595
          3.12500000          2.01816084          0.06231057
          3.13125000          2.01819916          0.05933523
          3.13750000          2.01823770          0.06231889
          3.14375000          2.01827605          0.05934456
          3.15000000          2.01831457          0.06232730
          3.15625000          2.01835295          0.05935394
          3.16250000          2.01839147          0.06233581
          3.16875000          2.01842988          0.05936337
          3.17500000          2.01846841          0.06234440
          3.18125000          2.01850685          0.05937287
          3.18750000          2.01854540          0.06235308
          3.19375000          2.01858390          0.05938243
          3.20000000          2.01862250          0.06236186
          3.20625000          2.01866109          0.05939206
          3.21250000          2.01869978          0.06237073
          3.21875000          2.01873854          0.05940175
          3.22500000          2.01877741          0.06237969
          3.23125000          2.01881645          0.05941151
          3.23750000          2.01885570          0.06238875
          3.24375000          2.01889536          0.05942135
          3.25000000          2.01893528          0.06239790
          3.25625000          2.01897518          0.05943126
          3.26250000          2.01901450          0.06240714
          3.26875000          2.01905304          0.05944124
          3.27500000          2.01909050          0.06241647
          3.28125000          2.01912708          0.05945129
          3.28750000          2.01916270          0.06242589
          3.29375000          2.01919777          0.05946143
          3.30000000          2.01923228          0.06243541
          3.30625000          2.01926672          0.05947165
          3.31250000          2.01930100          0.06244503
          3.31875000          2.01933562          0.05948197
          3.32500000          2.01937041          0.06245476
          3.33125000          2.01940556          0.05949238
          3.33750000          2.01944122          0.06246460
          3.34375000          2.01947180          0.05950290
          3.35000000          2.01951356          0.06247455
          3.35625000          2.01957048          0.05951353
          3.36250000          2.01963248          0.06248462
          3.36875000          2.01969281          0.05952424
          3.37500000          2.01974807          0.06249476
          3.38125000          2.01979767          0.05953503
          3.38750000          2.01984306          0.06250497
          3.39375000          2.01988688          0.05954586
          3.40000000          2.01992757          0.06251524
          3.40625000          2.01996513          0.05955675
          3.41250000          2.01999647          0.06252556
          3.41875000          2.02001440          0.05956765
          3.42500000          2.02000567          0.06253587
          3.43125000          2.02000391          0.05957843
          3.43750000          2.01999912          0.06254582
          3.44375000          2.01999379          0.05958828
          3.45000000          2.01999188          0.06255424
          3.45625000          2.01998480          0.05959555
          3.46250000          2.01998419          0.06255316
          3.46875000          2.01997955          0.05957239
          3.47500000          2.01997821          0.06257857
          3.48125000          2.01997516          0.05983047
          3.48750000          2.01997311          0.06347941
          3.49375000          2.01997080          0.06171887
          3.50000000          2.01996829          0.06605400
          3.50625000          2.01996657          0.05987547
          3.51250000          2.01996374          0.06521986
          3.51875000          2.01996251          0.05948818
          3.52500000          2.01995946          0.06524679
          3.53125000          2.01995861          0.05957078
          3.53750000          2.01995539          0.06531555
          3.54375000          2.01995478          0.05963678
          3.55000000          2.01995146          0.06534550
          3.55625000          2.01995103          0.05967198
          3.56250000          2.01994765          0.06536366
          3.56875000          2.01994736          0.05969914
          3.57500000          2.02107500          0.06538446
          3.58125000          2.02135505          0.05972315
          3.58750000          2.02163174          0.06539408
          3.59375000          2.02153121          0.05974173
          3.60000000          2.02163738          0.06540583
          3.60625000          2.02160582          0.05975852
          3.61250000          2.02161034          0.06541683
          3.61875000          2.02156553          0.05977304
          3.62500000          2.02151070          0.06542665
          3.63125000          2.02147446          0.05978528
          3.63750000          2.02142268          0.06543601
          3.64375000          2.02142650          0.05979460
          3.65000000          2.02137722          0.06544570
          3.65625000          2.02140902          0.05980265
          3.66250000          2.02137908          0.06545596
          3.66875000          2.02141651          0.05981039
          3.67500000          2.02140982          0.06546678
          3.68125000          2.02144784          0.05981819
          3.68750000          2.02146242          0.06547807
          3.69375000          2.02149692          0.05982625
          3.70000000          2.02152354          0.06548971
          3.70625000          2.02155356          0.05983462
          3.71250000          2.02158600          0.06550157
          3.71875000          2.02160461          0.05984330
          3.72500000          2.02163608          0.06551361
          3.73125000          2.02164596          0.05985231
          3.73750000          2.02167649          0.06552583
          3.74375000          2.02168069          0.05986169
          3.75000000          2.02171251          0.06553822
          3.75625000          2.02171386          0.05987147
          3.76250000          2.02174867          0.06555078
          3.76875000          2.02175813          0.05988167
          3.77500000          2.02179190          0.06556350
          3.78125000          2.02180902          0.05989229
          3.78750000          2.02184121          0.06557636
          3.79375000          2.02186389          0.05990331
          3.80000000          2.02189465          0.06558934
          3.80625000          2.02192021          0.05991469
          3.81250000          2.02194997          0.06560240
          3.81875000          2.02197790          0.05992637
          3.82500000          2.02200672          0.06561553
          3.83125000          2.02203665          0.05993832
          3.83750000          2.02206460          0.06562876
          3.84375000          2.02209627          0.05995053
          3.85000000          2.02212348          0.06564209
          3.85625000          2.02215675          0.05996301
          3.86250000          2.02218340          0.06565554
          3.86875000          2.02221822          0.05997576
          3.87500000          2.02224448          0.06566911
          3.88125000          2.02228086          0.05998877
          3.88750000          2.02230703          0.06568280
          3.89375000          2.02234521          0.06000205
          3.90000000          2.02237156          0.06569660
          3.90625000          2.02241093          0.06001557
          3.91250000          2.02243754          0.06571052
          3.91875000          2.02247538          0.06002932
          3.92500000          2.02250178          0.06572454
          3.93125000          2.02253675          0.06004330
          3.93750000          2.02256242          0.06573866
          3.94375000          2.02259507          0.06005750
          3.95000000          2.02262052          0.06575289
          3.95625000          2.02265166          0.06007191
          3.96250000          2.02267745          0.06576724
          3.96875000          2.02270777          0.06008653
          3.97500000          2.02273435          0.06578170
          3.98125000          2.02276436          0.06010134
          3.98750000          2.02279201          0.06579628
          3.99375000          2.02282204          0.06011636
          4.00000000          2.02285093          0.06581099
          4.00625000          2.02288119          0.06013157
          4.01250000          2.02291141          0.06582585
          4.01875000          2.02294199          0.06014699
          4.02500000          2.02297355          0.06584085
          4.03125000          2.02300447          0.06016262
          4.03750000          2.02303732          0.06585600
          4.04375000          2.02306856          0.06017847
          4.05000000          2.02310259          0.06587132
          4.05625000          2.02313409          0.06019453
          4.06250000          2.02316909          0.06588679
          4.06875000          2.02320079          0.06021080
          4.07500000          2.02323654          0.06590243
          4.08125000          2.02326840          0.06022730
          4.08750000          2.02330478          0.06591823
          4.09375000          2.02333674          0.06024401
          4.10000000          2.02337364          0.06593420
          4.10625000          2.02340565          0.06026093
          4.11250000          2.02344299          0.06595034
          4.11875000          2.02347501          0.06027807
          4.12500000          2.02351272          0.06596664
          4.13125000          2.02354472          0.06029542
          4.13750000          2.02358275          0.06598311
          4.14375000          2.02361470          0.06031299
          4.15000000          2.02365301          0.06599975
          4.15625000          2.02368491          0.06033077
          4.16250000          2.02372347          0.06601656
          4.16875000          2.02375530          0.06034876
          4.17500000          2.02379409          0.06603354
          4.18125000          2.02382584          0.06036695
          4.18750000          2.02386485          0.06605068
          4.19375000          2.02389705          0.06038536
          4.20000000          2.02393601          0.06606800
          4.20625000          2.02396883          0.06040397
          4.21250000          2.02400763          0.06608548
          4.21875000          2.02404100          0.06042279
          4.22500000          2.02407968          0.06610314
          4.23125000          2.02411358          0.06044181
          4.23750000          2.02415216          0.06612096
          4.24375000          2.02418661          0.06046103
          4.25000000          2.02422514          0.06613895
          4.25625000          2.02426011          0.06048045
          4.26250000          2.02429866          0.06615712
          4.26875000          2.02433412          0.06050007
          4.27500000          2.02437279          0.06617544
          4.28125000          2.02440880          0.06051988
          4.28750000          2.02444773          0.06619394
          4.29375000          2.02448438          0.06053988
          4.30000000          2.02452374          0.06621260
          4.30625000          2.02456118          0.06056007
          4.31250000          2.02460116          0.06623143
          4.31875000          2.02463961          0.06058045
          4.32500000          2.02468047          0.06625042
          4.33125000          2.02472018          0.06060100
          4.33750000          2.02476223          0.06626958
          4.34375000          2.02480353          0.06062174
          4.35000000          2.02484590          0.06628889
          4.35625000          2.02488892          0.06064265
          4.36250000          2.02493458          0.06630835
          4.36875000          2.02498092          0.06066373
          4.37500000          2.02502982          0.06632794
          4.38125000          2.02508310          0.06068496
          4.38750000          2.02513181          0.06634766
          4.39375000          2.02517793          0.06070631
          4.40000000          2.02522054          0.06636748
          4.40625000          2.02525076          0.06072779
          4.41250000          2.02526485          0.06638741
          4.41875000          2.02524441          0.06074940
          4.42500000          2.02514444          0.06640748
          4.43125000          2.02485263          0.06077125
          4.43750000          2.02409831          0.06642797
          4.44375000          2.02222672          0.06079391
          4.45000000          2.01765709          0.06644984
          4.45625000          2.00657252          0.06082085
          4.46250000          1.99781352          0.06648192
          4.46875000          1.99781163          0.06083941
          4.47500000          1.99780936          0.06649338
          4.48125000          1.99780759          0.06110877
          4.48750000          1.99780526          0.06794380
          4.49375000          1.99780360          0.06435658
          4.50000000          1.99780123          0.07198456
          4.50625000          1.99779968          0.06241605
          4.51250000          1.99779726          0.07124130
          4.51875000          1.99779582          0.06208661
          4.52500000          1.99779335          0.07121984
          4.53125000          1.99779201          0.06212753
          4.53750000          2.00805028          0.07119653
          4.54375000          2.01577845          0.06216560
          4.55000000          2.02013101          0.07118422
          4.55625000          2.02266902          0.06219176
          4.56250000          2.02417102          0.07120038
          4.56875000          2.02506814          0.06222544
          4.57500000          2.02560615          0.07122106
          4.58125000          2.02593679          0.06226237
          4.58750000          2.02613789          0.07124047
          4.59375000          2.02626151          0.06230023
          4.60000000          2.02634134          0.07125801
          4.60625000          2.02640009          0.06233812
          4.61250000          2.02644340          0.07127420
          4.61875000          2.02648019          0.06237567
          4.62500000          2.02651104          0.07128959
          4.63125000          2.02654221          0.06241274
          4.63750000          2.02657069          0.07130467
          4.64375000          2.02660127          0.06244929
          4.65000000          2.02663019          0.07131975
          4.65625000          2.02666195          0.06248532
          4.66250000          2.02669230          0.07133506
          4.66875000          2.02672564          0.06252088
          4.67500000          2.02675746          0.07135068
          4.68125000          2.02679221          0.06255594
          4.68750000          2.02682523          0.07136672
          4.69375000          2.02686109          0.06259049
          4.70000000          2.02689500          0.07138331
          4.70625000          2.02693168          0.08100354
          4.71250000          2.02696624          0.07140051
          4.71875000          2.02700352          0.08981429
          4.72500000          2.02703854          0.07141855
          4.73125000          2.02707627          0.08982183
          4.73750000          2.02711161          0.07143882
          4.74375000          2.02714967          0.08983190
          4.75000000          2.02718537          0.07146042
          4.75625000          2.02722362          0.08984366
          4.76250000          2.02725958          0.07148291
          4.76875000          2.02729794          0.08985663
          4.77500000          2.02733410          0.07150602
          4.78125000          2.02737254          0.08987054
          4.78750000          2.02740886          0.07152961
          4.79375000          2.02744734          0.08988521
          4.80000000          2.02748379          0.07155359
          4.80625000          2.02752230          0.08990050
          4.81250000          2.02755886          0.07157789
          4.81875000          2.02759737          0.08991633
          4.82500000          2.02763403          0.07160248
          4.83125000          2.02767255          0.08993263
          4.83750000          2.02770929          0.07162732
          4.84375000          2.02774779          0.08994935
          4.85000000          2.02778462          0.07165240
          4.85625000          2.02782311          0.08996645
          4.86250000          2.02786001          0.07167770
          4.86875000          2.02789848          0.08998390
          4.87500000          2.02793545          0.07170320
          4.88125000          2.02797391          0.09000168
          4.88750000          2.02801095          0.07172891
          4.89375000          2.02804938          0.09001977
          4.90000000          2.02808649          0.07175480
          4.90625000          2.02812490          0.09003815
          4.91250000          2.02816207          0.07178089
          4.91875000          2.02820047          0.09005683
          4.92500000          2.02823769          0.07180717
          4.93125000          2.02827607          0.09007578
          4.93750000          2.02831336          0.07183363
          4.94375000          2.02835172          0.09009502
          4.95000000          2.02838906          0.07186029
          4.95625000          2.02842741          0.09011453
          4.96250000          2.02846481          0.07188713
          4.96875000          2.02850313          0.09013431
          4.97500000          2.02854059          0.07191417
          4.98125000          2.02857890          0.09015435
          4.98750000          2.02861640          0.07194140
          4.99375000          2.02865470          0.09017465
          5.00000000          2.02869224          0.07196882
          5.00625000          2.02873052          0.09019520
          5.01250000          2.02876810          0.07199644
          5.01875000          2.02880637          0.09021599
          5.02500000          2.02884398          0.07202426
          5.03125000          2.02888223          0.09023703
          5.03750000          2.02891987          0.07205226
          5.04375000          2.02895811          0.09025830
          5.05000000          2.02899578          0.07208046
          5.05625000          2.02903402          0.09027980
          5.06250000          2.02907171          0.07210886
          5.06875000          2.02910994          0.09030154
          5.07500000          2.02914765          0.07213745
          5.08125000          2.02918588          0.09032352
          5.08750000          2.02922362          0.07216624
          5.09375000          2.02926184          0.09034572
          5.10000000          2.02929961          0.07219523
          5.10625000          2.02933783          0.09036815
          5.11250000          2.02937563          0.07222442
          5.11875000          2.02941386          0.09039080
          5.12500000          2.02945169          0.07225381
          5.13125000          2.02948993          0.09041368
          5.13750000          2.02952780          0.07228340
          5.14375000          2.02956605          0.09043677
          5.15000000          2.02960398          0.07231319
          5.15625000          2.02964226          0.09046009
          5.16250000          2.02968024          0.07234318
          5.16875000          2.02971856          0.09048362
          5.17500000          2.02975662          0.07237338
          5.18125000          2.02979500          0.09050736
          5.18750000          2.02983316          0.07240378
          5.19375000          2.02987164          0.09053131
          5.20000000          2.02990995          0.07243438
          5.20625000          2.02994859          0.09055547
          5.21250000          2.02998713          0.07246519
          5.21875000          2.03002605          0.09057982
          5.22500000          2.03006503          0.07249620
          5.23125000          2.03010460          0.09060438
          5.23750000          2.03014426          0.07252741
          5.24375000          2.03018393          0.09062913
          5.25000000          2.03022284          0.07255881
          5.25625000          2.03026094          0.09065407
          5.26250000          2.03029777          0.07259042
          5.26875000          2.03033354          0.09067919
          5.27500000          2.03036809          0.07262222
          5.28125000          2.03040175          0.09070451
          5.28750000          2.03043454          0.07265423
          5.29375000          2.03046684          0.09073002
          5.30000000          2.03049876          0.07268644
          5.30625000          2.03053066          0.09075572
          5.31250000          2.03056269          0.07271888
          5.31875000          2.03059516          0.09078163
          5.32500000          2.03062778          0.07275156
          5.33125000          2.03066128          0.09080775
          5.33750000          2.03069613          0.07278446
          5.34375000          2.03072047          0.09083409
          5.35000000          2.03077787          0.07281762
          5.35625000          2.03085675          0.09086064
          5.36250000          2.03093947          0.07285100
          5.36875000          2.03101564          0.09088735
          5.37500000          2.03108224          0.07288452
          5.38125000          2.03113804          0.09091418
          5.38750000          2.03118796          0.07291816
          5.39375000          2.03123406          0.09094110
          5.40000000          2.03127571          0.07295188
          5.40625000          2.03131122          0.09096810
          5.41250000          2.03133649          0.07298566
          5.41875000          2.03133702          0.09099511
          5.42500000          2.03133326          0.07301929
          5.43125000          2.03132404          0.09102171
          5.43750000          2.03132237          0.07305157
          5.44375000          2.03131766          0.09104591
          5.45000000          2.03131400          0.07307811
          5.45625000          2.03131144          0.09105813
          5.46250000          2.03130656          0.07307481
          5.46875000          2.03130514          0.09109159
          5.47500000          2.03130056          0.07319833
          5.48125000          2.03129935          0.09143315
          5.48750000          2.03129601          0.07423647
          5.49375000          2.03129431          0.09265449
          5.50000000          2.03129173          0.07639083
          5.50625000          2.03128965          0.09485766
          5.51250000          2.03128763          0.07596378
          5.51875000          2.03128526          0.09456873
          5.52500000          2.03128358          0.07602609
          5.53125000          2.03128103          0.09454738
          5.53750000          2.03127959          0.07608811
          5.54375000          2.03127691          0.09454001
          5.55000000          2.03127568          0.07612277
          5.55625000          2.03127290          0.09454594
          5.56250000          2.03127185          0.07615821
          5.56875000          2.03284677          0.09454668
          5.57500000          2.03326765          0.07618094
          5.58125000          2.03388157          0.09456499
          5.58750000          2.03390901          0.07621055
          5.59375000          2.03401848          0.09458465
          5.60000000          2.03398058          0.07624131
          5.60625000          2.03392879          0.09460583
          5.61250000          2.03385311          0.07627089
          5.61875000          2.03369130          0.09463231
          5.62500000          2.03361532          0.07630212
          5.63125000          2.03346487          0.09466315
          5.63750000          2.03345982          0.07633569
          5.64375000          2.03334644          0.09469715
          5.65000000          2.03337053          0.07637074
          5.65625000          2.03330932          0.09473287
          5.66250000          2.03333646          0.07640711
          5.66875000          2.03331121          0.09476960
          5.67500000          2.03333653          0.07644456
          5.68125000          2.03334505          0.09480693
          5.68750000          2.03336755          0.07648281
          5.69375000          2.03339577          0.09484464
          5.70000000          2.03341133          0.07652172
          5.70625000          2.03345292          0.09488251
          5.71250000          2.03346005          0.07656112
          5.71875000          2.03350062          0.09492037
          5.72500000          2.03349223          0.07660089
          5.73125000          2.03352878          0.09495808
          5.73750000          2.03350794          0.07664096
          5.74375000          2.03354266          0.09499557
          5.75000000          2.03353128          0.07668125
          5.75625000          2.03355927          0.09503279
          5.76250000          2.03355866          0.07672170
          5.76875000          2.03358250          0.09506972
          5.77500000          2.03359206          0.07676228
          5.78125000          2.03361347          0.09510638
          5.78750000          2.03362990          0.07680293
          5.79375000          2.03364991          0.09514286
          5.80000000          2.03367109          0.07684364
          5.80625000          2.03369005          0.09517923
          5.81250000          2.03371526          0.07688446
          5.81875000          2.03373309          0.09521550
          5.82500000          2.03376162          0.07692540
          5.83125000          2.03377826          0.09525167
          5.83750000          2.03380958          0.07696648
          5.84375000          2.03382513          0.09528774
          5.85000000          2.03385896          0.07700769
          5.85625000          2.03387360          0.09532371
          5.86250000          2.03390986          0.07704904
          5.86875000          2.03392399          0.09535958
          5.87500000          2.03396262          0.07709051
          5.88125000          2.03397793          0.09539538
          5.88750000          2.03401684          0.07713211
          5.89375000          2.03403571          0.09543112
          5.90000000          2.03407178          0.07717383
          5.90625000          2.03409164          0.09546682
          5.91250000          2.03412521          0.07721567
          5.91875000          2.03414591          0.09550249
          5.92500000          2.03417750          0.07725766
          5.93125000          2.03419919          0.09553817
          5.93750000          2.03422932          0.07729977
          5.94375000          2.03425216          0.09557388
          5.95000000          2.03428124          0.07734204
          5.95625000          2.03430533          0.09560967
          5.96250000          2.03433369          0.07738449
          5.96875000          2.03435908          0.09564553
          5.97500000          2.03438695          0.07742712
          5.98125000          2.03441371          0.09568149
          5.98750000          2.03444126          0.07746996
          5.99375000          2.03446945          0.09571755
          6.00000000          2.03449682          0.07751300
          6.00625000          2.03452645          0.09575373
          6.01250000          2.03455370          0.07755627
          6.01875000          2.03458476          0.09579002
          6.02500000          2.03461196          0.07759976
          6.03125000          2.03464430          0.09582643
          6.03750000          2.03467148          0.07764349
          6.04375000          2.03470484          0.09586299
          6.05000000          2.03473206          0.07768745
          6.05625000          2.03476632          0.09589968
          6.06250000          2.03479359          0.07773165
          6.06875000          2.03482866          0.09593653
          6.07500000          2.03485598          0.07777610
          6.08125000          2.03489177          0.09597353
          6.08750000          2.03491914          0.07782080
          6.09375000          2.03495558          0.09601070
          6.10000000          2.03498297          0.07786574
          6.10625000          2.03502000          0.09604803
          6.11250000          2.03504738          0.07791095
          6.11875000          2.03508494          0.09608553
          6.12500000          2.03511231          0.07795640
          6.13125000          2.03515036          0.09612321
          6.13750000          2.03517857          0.07800212
          6.14375000          2.03521662          0.09616107
          6.15000000          2.03524586          0.07804809
          6.15625000          2.03528370          0.09619911
          6.16250000          2.03531381          0.07809432
          6.16875000          2.03535141          0.09623735
          6.17500000          2.03538232          0.07814081
          6.18125000          2.03541967          0.09627578
          6.18750000          2.03545133          0.07818757
          6.19375000          2.03548845          0.09631440
          6.20000000          2.03552083          0.07823458
          6.20625000          2.03555775          0.09635323
          6.21250000          2.03559080          0.07828186
          6.21875000          2.03562759          0.09639226
          6.22500000          2.03566116          0.07832941
          6.23125000          2.03569792          0.09643152
          6.23750000          2.03573201          0.07837722
          6.24375000          2.03576883          0.09647098
          6.25000000          2.03580347          0.07842530
          6.25625000          2.03584045          0.09651066
          6.26250000          2.03587571          0.07847365
          6.26875000          2.03591298          0.09655056
          6.27500000          2.03594896          0.07852227
          6.28125000          2.03598667          0.09659067
          6.28750000          2.03602351          0.07857116
          6.29375000          2.03606186          0.09663100
          6.30000000          2.03609977          0.07862032
          6.30625000          2.03613901          0.09667152
          6.31250000          2.03617823          0.07866973
          6.31875000          2.03621866          0.09671225
          6.32500000          2.03625953          0.07871940
          6.33125000          2.03630152          0.09675317
          6.33750000          2.03634443          0.07876932
          6.34375000          2.03638765          0.09679427
          6.35000000          2.03643181          0.07881946
          6.35625000          2.03647851          0.09683555
          6.36250000          2.03652702          0.07886982
          6.36875000          2.03657738          0.09687700
          6.37500000          2.03663143          0.07892038
          6.38125000          2.03669062          0.09691858
          6.38750000          2.03674225          0.07897110
          6.39375000          2.03679145          0.09696027
          6.40000000          2.03683242          0.07902195
          6.40625000          2.03685533          0.09700207
          6.41250000          2.03685393          0.07907294
          6.41875000          2.03679605          0.09704399
          6.42500000          2.03661032          0.07912414
          6.43125000          2.03611125          0.09708622
          6.43750000          2.03486174          0.07917610
          6.44375000          2.03179333          0.09712954
          6.45000000          2.02433952          0.07923084
          6.45625000          2.00628890          0.09717975
          6.46250000          1.99692987          0.07930161
          6.46875000          1.99692558          0.09721470
          6.47500000          1.99692380          0.07941845
          6.48125000          1.99691945          0.09803653
          6.48750000          1.99691782          0.08141454
          6.49375000          1.99691342          0.10040482
          6.50000000          1.99691193          0.08546520
          6.50625000          1.99690748          0.10444672
          6.51250000          1.99690611          0.08504875
          6.51875000          1.99690161          0.10456003
          6.52500000          1.99690034          0.08516482
          6.53125000          2.00896978          0.10461879
          6.53750000          2.02115602          0.08525971
          6.54375000          2.02803468          0.10468248
          6.55000000          2.03206358          0.08534972
          6.55625000          2.03445455          0.10473416
          6.56250000          2.03588315          0.08542625
          6.56875000          2.03673304          0.10476960
          6.57500000          2.03724933          0.08548936
          6.58125000          2.03755626          0.10479563
          6.58750000          2.03773815          0.08554352
          6.59375000          2.03784633          0.10481661
          6.60000000          2.03792036          0.08559283
          6.60625000          2.03796913          0.10483614
          6.61250000          2.03800785          0.08563880
          6.61875000          2.03803522          0.10485560
          6.62500000          2.03806380          0.08568266
          6.63125000          2.03808707          0.10487562
          6.63750000          2.03811399          0.08572548
          6.64375000          2.03813749          0.10489657
          6.65000000          2.03816547          0.08576798
          6.65625000          2.03819086          0.10491872
          6.66250000          2.03822077          0.08581059
          6.66875000          2.03824833          0.10494221
          6.67500000          2.03828011          0.08585361
          6.68125000          2.03830958          0.10496723
          6.68750000          2.03834288          0.08589728
          6.69375000          2.03837388          0.10499390
          6.70000000          2.03840835          0.08594176
          6.70625000          2.03844055          0.10502221
          6.71250000          2.03847588          0.08598715
          6.71875000          2.03850902          0.10505209
          6.72500000          2.03854499          0.08603348
          6.73125000          2.03857887          0.10508344
          6.73750000          2.03861532          0.08608076
          6.74375000          2.03864979          0.10511615
          6.75000000          2.03868658          0.08612895
          6.75625000          2.03872152          0.10515011
          6.76250000          2.03875856          0.08617800
          6.76875000          2.03879387          0.10518519
          6.77500000          2.03883107          0.08622786
          6.78125000          2.03886669          0.10522130
          6.78750000          2.03890400          0.08627848
          6.79375000          2.03893987          0.10525835
          6.80000000          2.03897724          0.08632980
          6.80625000          2.03901333          0.10529625
          6.81250000          2.03905073          0.08638177
          6.81875000          2.03908700          0.10533494
          6.82500000          2.03912441          0.08643436
          6.83125000          2.03916084          0.10537437
          6.83750000          2.03919825          0.08648752
          6.84375000          2.03923482          0.10541449
          6.85000000          2.03927220          0.08654123
          6.85625000          2.03930890          0.10545526
          6.86250000          2.03934627          0.08659545
          6.86875000          2.03938309          0.10549665
          6.87500000          2.03942042          0.08665017
          6.88125000          2.03945735          0.10553863
          6.88750000          2.03949465          0.08670537
          6.89375000          2.03953169          0.10558119
          6.90000000          2.03956895          0.08676104
          6.90625000          2.03960609          0.10562428
          6.91250000          2.03964331          0.08681716
          6.91875000          2.03968053          0.10566789
          6.92500000          2.03971772          0.08687371
          6.93125000          2.03975501          0.10571201
          6.93750000          2.03979217          0.08693068
          6.94375000          2.03982952          0.10575662
          6.95000000          2.03986666          0.08698807
          6.95625000          2.03990406          0.10580172
          6.96250000          2.03994117          0.08704587
          6.96875000          2.03997863          0.10584730
          6.97500000          2.04001571          0.08710407
          6.98125000          2.04005322          0.10589335
          6.98750000          2.04009028          0.08716268
          6.99375000          2.04012783          0.10593987
          7.00000000          2.04016487          0.08722169
          7.00625000          2.04020247          0.10598686
          7.01250000          2.04023949          0.08728109
          7.01875000          2.04027713          0.10603430
          7.02500000          2.04031414          0.08734089
          7.03125000          2.04035181          0.10608218
          7.03750000          2.04038881          0.08740109
          7.04375000          2.04042653          0.10613051
          7.05000000          2.04046350          0.08746167
          7.05625000          2.04050127          0.10617927
          7.06250000          2.04053825          0.08752263
          7.06875000          2.04057605          0.10622846
          7.07500000          2.04061304          0.08758398
          7.08125000          2.04065088          0.10627807
          7.08750000          2.04068788          0.08764571
          7.09375000          2.04072576          0.10632807
          7.10000000          2.04076278          0.08770782
          7.10625000          2.04080072          0.10637847
          7.11250000          2.04083775          0.08777029
          7.11875000          2.04087575          0.10642926
          7.12500000          2.04091282          0.08783312
          7.13125000          2.04095090          0.10648042
          7.13750000          2.04098802          0.08789631
          7.14375000          2.04102618          0.10653196
          7.15000000          2.04106337          0.08795986
          7.15625000          2.04110163          0.10658385
          7.16250000          2.04113890          0.08802375
          7.16875000          2.04117729          0.10663610
          7.17500000          2.04121466          0.08808799
          7.18125000          2.04125320          0.10668870
          7.18750000          2.04129071          0.08815257
          7.19375000          2.04132944          0.10674165
          7.20000000          2.04136714          0.08821749
          7.20625000          2.04140615          0.10679492
          7.21250000          2.04144423          0.08828274
          7.21875000          2.04148390          0.10684853
          7.22500000          2.04152257          0.08834832
          7.23125000          2.04156227          0.10690245
          7.23750000          2.04160009          0.08841422
          7.24375000          2.04163821          0.10695668
          7.25000000          2.04167392          0.08848043
          7.25625000          2.04170972          0.10701123
          7.26250000          2.04174305          0.08854696
          7.26875000          2.04177660          0.10706608
          7.27500000          2.04180786          0.08861382
          7.28125000          2.04183965          0.10712124
          7.28750000          2.04186946          0.08868099
          7.29375000          2.04190021          0.10717671
          7.30000000          2.04192938          0.08874851
          7.30625000          2.04195998          0.10723250
          7.31250000          2.04198944          0.08881637
          7.31875000          2.04202087          0.10728862
          7.32500000          2.04205068          0.08888459
          7.33125000          2.04208340          0.10734507
          7.33750000          2.04210179          0.08895318
          7.34375000          2.04214692          0.10740186
          7.35000000          2.04223260          0.08902214
          7.35625000          2.04233664          0.10745897
          7.36250000          2.04243523          0.08909140
          7.36875000          2.04252234          0.10751630
          7.37500000          2.04259336          0.08916084
          7.38125000          2.04265144          0.10757378
          7.38750000          2.04270347          0.08923041
          7.39375000          2.04275038          0.10763139
          7.40000000          2.04278971          0.08930009
          7.40625000          2.04282144          0.10768907
          7.41250000          2.04283381          0.08936976
          7.41875000          2.04282614          0.10774666
          7.42500000          2.04281924          0.08943891
          7.43125000          2.04281649          0.10780308
          7.43750000          2.04280785          0.08950460
          7.44375000          2.04280702          0.10785302
          7.45000000          2.04280218          0.08955350
          7.45625000          2.04279992          0.10787517
          7.46250000          2.04279649          0.08958961
          7.46875000          2.04279338          0.10795628
          7.47500000          2.04279072          0.08976180
          7.48125000          2.04278706          0.10836888
          7.48750000          2.04278490          0.09056022
          7.49375000          2.04278095          0.10932318
          7.50000000          2.04277914          0.09213667
          7.50625000          2.04277610          0.11088248
          7.51250000          2.04277399          0.09193839
          7.51875000          2.04277139          0.11063052
          7.52500000          2.04276906          0.09198229
          7.53125000          2.04276677          0.11055983
          7.53750000          2.04276428          0.09202029
          7.54375000          2.04276223          0.11057079
          7.55000000          2.04275963          0.09206111
          7.55625000          2.04275779          0.11057024
          7.56250000          2.04415919          0.09209387
          7.56875000          2.04550102          0.11061623
          7.57500000          2.04629811          0.09214777
          7.58125000          2.04654319          0.11065935
          7.58750000          2.04657406          0.09220690
          7.59375000          2.04657102          0.11070224
          7.60000000          2.04638497          0.09226642
          7.60625000          2.04631681          0.11075844
          7.61250000          2.04597276          0.09233151
          7.61875000          2.04589288          0.11082345
          7.62500000          2.04566315          0.09240232
          7.63125000          2.04562574          0.11089384
          7.63750000          2.04548697          0.09247818
          7.64375000          2.04546444          0.11096827
          7.65000000          2.04539300          0.09255708
          7.65625000          2.04537932          0.11104551
          7.66250000          2.04536454          0.09263832
          7.66875000          2.04534917          0.11112411
          7.67500000          2.04537696          0.09272105
          7.68125000          2.04536049          0.11120312
          7.68750000          2.04541273          0.09280461
          7.69375000          2.04538729          0.11128203
          7.70000000          2.04545025          0.09288859
          7.70625000          2.04541767          0.11136046
          7.71250000          2.04548527          0.09297266
          7.71875000          2.04546828          0.11143816
          7.72500000          2.04551250          0.09305660
          7.73125000          2.04550159          0.11151502
          7.73750000          2.04552559          0.09314028
          7.74375000          2.04551986          0.11159102
          7.75000000          2.04553018          0.09322361
          7.75625000          2.04553301          0.11166653
          7.76250000          2.04553599          0.09330676
          7.76875000          2.04554508          0.11174166
          7.77500000          2.04554547          0.09338981
          7.78125000          2.04556159          0.11181642
          7.78750000          2.04556082          0.09347280
          7.79375000          2.04558359          0.11189080
          7.80000000          2.04558178          0.09355574
          7.80625000          2.04561024          0.11196473
          7.81250000          2.04560717          0.09363861
          7.81875000          2.04564032          0.11203821
          7.82500000          2.04563581          0.09372138
          7.83125000          2.04567285          0.11211128
          7.83750000          2.04567284          0.09380406
          7.84375000          2.04570990          0.11218399
          7.85000000          2.04571847          0.09388669
          7.85625000          2.04575230          0.11225641
          7.86250000          2.04576487          0.09396927
          7.86875000          2.04579609          0.11232857
          7.87500000          2.04581143          0.09405183
          7.88125000          2.04584038          0.11240056
          7.88750000          2.04585801          0.09413442
          7.89375000          2.04588494          0.11247251
          7.90000000          2.04590456          0.09421709
          7.90625000          2.04592972          0.11254445
          7.91250000          2.04595114          0.09429988
          7.91875000          2.04597476          0.11261638
          7.92500000          2.04599785          0.09438282
          7.93125000          2.04602019          0.11268831
          7.93750000          2.04604486          0.09446590
          7.94375000          2.04606616          0.11276023
          7.95000000          2.04609246          0.09454914
          7.95625000          2.04611290          0.11283217
          7.96250000          2.04614089          0.09463255
          7.96875000          2.04616063          0.11290414
          7.97500000          2.04619032          0.09471614
          7.98125000          2.04620948          0.11297616
          7.98750000          2.04624066          0.09479991
          7.99375000          2.04625942          0.11304824
          8.00000000          2.04629177          0.09488388
