                   x         u_numerical        u_analytical
         -0.99375000          0.06237303          0.00000000
         -0.98125000          0.06224098          0.00000000
         -0.96875000          0.06208019          0.00000000
         -0.95625000          0.06191812          0.00000000
         -0.94375000          0.06175797          0.00000000
         -0.93125000          0.06159958          0.00000000
         -0.91875000          0.06144247          0.00000000
         -0.90625000          0.06128623          0.00000000
         -0.89375000          0.06113058          0.00000000
         -0.88125000          0.06097535          0.00000000
         -0.86875000          0.06082048          0.00000000
         -0.85625000          0.06066594          0.00000000
         -0.84375000          0.06051156          0.00000000
         -0.83125000          0.06035679          0.00000000
         -0.81875000          0.06020047          0.00000000
         -0.80625000          0.06004058          0.00000000
         -0.79375000          0.05987435          0.00000000
         -0.78125000          0.05969932          0.00000000
         -0.76875000          0.05951617          0.00000000
         -0.75625000          0.05933244          0.00000000
         -0.74375000          0.05916225          0.00000000
         -0.73125000          0.05901736          0.00000000
         -0.71875000          0.05889837          0.00000000
         -0.70625000          0.05879950          0.00000000
         -0.69375000          0.05872423          0.00000000
         -0.68125000          0.05868684          0.00000000
         -0.66875000          0.05868098          0.00000000
         -0.65625000          0.05869127          0.00000000
         -0.64375000          0.05877413          0.00000000
         -0.63125000          0.05909884          0.00000000
         -0.61875000          0.06004139          0.00000000
         -0.60625000          0.06231091          0.00000000
         -0.59375000          0.06707474          0.00000000
         -0.58125000          0.07609843          0.00000000
         -0.56875000          0.09191624          0.00000000
         -0.55625000          0.11793736          0.00000000
         -0.54375000          0.15823861          0.00000000
         -0.53125000          0.21674864          0.00000000
         -0.51875000          0.29573673          0.00000000
         -0.50625000          0.39402598          0.00000000
         -0.49375000          0.50592776          1.00000000
         -0.48125000          0.62195397          1.00000000
         -0.46875000          0.73143607          1.00000000
         -0.45625000          0.82577657          1.00000000
         -0.44375000          0.90054152          1.00000000
         -0.43125000          0.95554941          1.00000000
         -0.41875000          0.99350166          1.00000000
         -0.40625000          1.01827915          1.00000000
         -0.39375000          1.03368828          1.00000000
         -0.38125000          1.04284678          1.00000000
         -0.36875000          1.04804492          1.00000000
         -0.35625000          1.05084710          1.00000000
         -0.34375000          1.05226613          1.00000000
         -0.33125000          1.05292805          1.00000000
         -0.31875000          1.05320204          1.00000000
         -0.30625000          1.05329490          1.00000000
         -0.29375000          1.05331570          1.00000000
         -0.28125000          1.05331656          1.00000000
         -0.26875000          1.05330369          1.00000000
         -0.25625000          1.05325097          1.00000000
         -0.24375000          1.05313961          1.00000000
         -0.23125000          1.05297756          1.00000000
         -0.21875000          1.05278960          1.00000000
         -0.20625000          1.05259709          1.00000000
         -0.19375000          1.05241077          1.00000000
         -0.18125000          1.05223386          1.00000000
         -0.16875000          1.05206599          1.00000000
         -0.15625000          1.05190531          1.00000000
         -0.14375000          1.05174937          1.00000000
         -0.13125000          1.05159572          1.00000000
         -0.11875000          1.05144244          1.00000000
         -0.10625000          1.05128843          1.00000000
         -0.09375000          1.05113337          1.00000000
         -0.08125000          1.05097746          1.00000000
         -0.06875000          1.05082108          1.00000000
         -0.05625000          1.05066453          1.00000000
         -0.04375000          1.05050801          1.00000000
         -0.03125000          1.05035158          1.00000000
         -0.01875000          1.05019525          1.00000000
         -0.00625000          1.05003898          1.00000000
          0.00625000          1.04988275          1.00000000
          0.01875000          1.04972651          1.00000000
          0.03125000          1.04957028          1.00000000
          0.04375000          1.04941403          1.00000000
          0.05625000          1.04925779          1.00000000
          0.06875000          1.04910158          1.00000000
          0.08125000          1.04894540          1.00000000
          0.09375000          1.04878925          1.00000000
          0.10625000          1.04863311          1.00000000
          0.11875000          1.04847691          1.00000000
          0.13125000          1.04832055          1.00000000
          0.14375000          1.04816390          1.00000000
          0.15625000          1.04800688          1.00000000
          0.16875000          1.04784953          1.00000000
          0.18125000          1.04769207          1.00000000
          0.19375000          1.04753506          1.00000000
          0.20625000          1.04737939          1.00000000
          0.21875000          1.04722621          1.00000000
          0.23125000          1.04707659          1.00000000
          0.24375000          1.04693101          1.00000000
          0.25625000          1.04678862          1.00000000
          0.26875000          1.04664632          1.00000000
          0.28125000          1.04649774          1.00000000
          0.29375000          1.04633173          1.00000000
          0.30625000          1.04612965          1.00000000
          0.31875000          1.04586042          1.00000000
          0.33125000          1.04547189          1.00000000
          0.34375000          1.04487647          1.00000000
          0.35625000          1.04392818          1.00000000
          0.36875000          1.04238611          1.00000000
          0.38125000          1.03985632          1.00000000
          0.39375000          1.03570029          1.00000000
          0.40625000          1.02889747          1.00000000
          0.41875000          1.01785827          1.00000000
          0.43125000          1.00021612          1.00000000
          0.44375000          0.97269736          1.00000000
          0.45625000          0.93127514          1.00000000
          0.46875000          0.87189655          1.00000000
          0.48125000          0.79197002          1.00000000
          0.49375000          0.69232317          1.00000000
          0.50625000          0.57859599          0.00000000
          0.51875000          0.46072737          0.00000000
          0.53125000          0.35014051          0.00000000
          0.54375000          0.25601113          0.00000000
          0.55625000          0.18282217          0.00000000
          0.56875000          0.13030723          0.00000000
          0.58125000          0.09512002          0.00000000
          0.59375000          0.07283384          0.00000000
          0.60625000          0.05933505          0.00000000
          0.61875000          0.05143030          0.00000000
          0.63125000          0.04690830          0.00000000
          0.64375000          0.04435401          0.00000000
          0.65625000          0.04291164          0.00000000
          0.66875000          0.04208444          0.00000000
          0.68125000          0.04159244          0.00000000
          0.69375000          0.04128097          0.00000000
          0.70625000          0.04106536          0.00000000
          0.71875000          0.04089902          0.00000000
          0.73125000          0.04075580          0.00000000
          0.74375000          0.04062063          0.00000000
          0.75625000          0.04048493          0.00000000
          0.76875000          0.04034444          0.00000000
          0.78125000          0.04019790          0.00000000
          0.79375000          0.04004599          0.00000000
          0.80625000          0.03989032          0.00000000
          0.81875000          0.03973260          0.00000000
          0.83125000          0.03957410          0.00000000
          0.84375000          0.03941553          0.00000000
          0.85625000          0.03925712          0.00000000
          0.86875000          0.03909885          0.00000000
          0.88125000          0.03894060          0.00000000
          0.89375000          0.03878238          0.00000000
          0.90625000          0.03862440          0.00000000
          0.91875000          0.03846712          0.00000000
          0.93125000          0.03831118          0.00000000
          0.94375000          0.03815737          0.00000000
          0.95625000          0.03800656          0.00000000
          0.96875000          0.03785882          0.00000000
          0.98125000          0.03771968          0.00000000
          0.99375000          0.03754440          0.00000000
