                   x         u_numerical        u_analytical
         -0.99687500          0.00000000          0.00000000
         -0.99062500          0.00000000          0.00000000
         -0.98437500          0.00000000          0.00000000
         -0.97812500          0.00000000          0.00000000
         -0.97187500          0.00000000          0.00000000
         -0.96562500          0.00000000          0.00000000
         -0.95937500          0.00000000          0.00000000
         -0.95312500          0.00000000          0.00000000
         -0.94687500          0.00000000          0.00000000
         -0.94062500          0.00000000          0.00000000
         -0.93437500          0.00000000          0.00000000
         -0.92812500          0.00000000          0.00000000
         -0.92187500          0.00000000          0.00000000
         -0.91562500          0.00000000          0.00000000
         -0.90937500          0.00000000          0.00000000
         -0.90312500          0.00000000          0.00000000
         -0.89687500          0.00000000          0.00000000
         -0.89062500          0.00000000          0.00000000
         -0.88437500          0.00000000          0.00000000
         -0.87812500          0.00000000          0.00000000
         -0.87187500          0.00000000          0.00000000
         -0.86562500          0.00000000          0.00000000
         -0.85937500          0.00000000          0.00000000
         -0.85312500          0.00000000          0.00000000
         -0.84687500          0.00000000          0.00000000
         -0.84062500          0.00000000          0.00000000
         -0.83437500          0.00000000          0.00000000
         -0.82812500          0.00000000          0.00000000
         -0.82187500          0.00000000          0.00000000
         -0.81562500          0.00000000          0.00000000
         -0.80937500          0.00000000          0.00000000
         -0.80312500          0.00000000          0.00000000
         -0.79687500          0.00000000          0.00000000
         -0.79062500          0.00000000          0.00000000
         -0.78437500          0.00000000          0.00000000
         -0.77812500          0.00000000          0.00000000
         -0.77187500          0.00000000          0.00000000
         -0.76562500          0.00000000          0.00000000
         -0.75937500          0.00000000          0.00000000
         -0.75312500          0.00000000          0.00000000
         -0.74687500          0.00000000          0.00000000
         -0.74062500          0.00000000          0.00000000
         -0.73437500          0.00000000          0.00000000
         -0.72812500          0.00000000          0.00000000
         -0.72187500          0.00000000          0.00000000
         -0.71562500          0.00000000          0.00000000
         -0.70937500          0.00000000          0.00000000
         -0.70312500          0.00000000          0.00000000
         -0.69687500          0.00000001          0.00000000
         -0.69062500          0.00000001          0.00000000
         -0.68437500          0.00000002          0.00000000
         -0.67812500          0.00000005          0.00000000
         -0.67187500          0.00000011          0.00000000
         -0.66562500          0.00000022          0.00000000
         -0.65937500          0.00000045          0.00000000
         -0.65312500          0.00000091          0.00000000
         -0.64687500          0.00000183          0.00000000
         -0.64062500          0.00000364          0.00000000
         -0.63437500          0.00000716          0.00000000
         -0.62812500          0.00001395          0.00000000
         -0.62187500          0.00002689          0.00000000
         -0.61562500          0.00005130          0.00000000
         -0.60937500          0.00009678          0.00000000
         -0.60312500          0.00018051          0.00000000
         -0.59687500          0.00033266          0.00000000
         -0.59062500          0.00060550          0.00000000
         -0.58437500          0.00108786          0.00000000
         -0.57812500          0.00192786          0.00000000
         -0.57187500          0.00336715          0.00000000
         -0.56562500          0.00579031          0.00000000
         -0.55937500          0.00979181          0.00000000
         -0.55312500          0.01625928          0.00000000
         -0.54687500          0.02646268          0.00000000
         -0.54062500          0.04212304          0.00000000
         -0.53437500          0.06541147          0.00000000
         -0.52812500          0.09880551          0.00000000
         -0.52187500          0.14472527          0.00000000
         -0.51562500          0.20491640          0.00000000
         -0.50937500          0.27966799          0.00000000
         -0.50312500          0.36712619          0.00000000
         -0.49687500          0.46308169          1.00000000
         -0.49062500          0.56151694          1.00000000
         -0.48437500          0.65585292          1.00000000
         -0.47812500          0.74043002          1.00000000
         -0.47187500          0.81160978          1.00000000
         -0.46562500          0.86812061          1.00000000
         -0.45937500          0.91069139          1.00000000
         -0.45312500          0.94130755          1.00000000
         -0.44687500          0.96245250          1.00000000
         -0.44062500          0.97655185          1.00000000
         -0.43437500          0.98567060          1.00000000
         -0.42812500          0.99141307          1.00000000
         -0.42187500          0.99494543          1.00000000
         -0.41562500          0.99707328          1.00000000
         -0.40937500          0.99833110          1.00000000
         -0.40312500          0.99906191          1.00000000
         -0.39687500          0.99947980          1.00000000
         -0.39062500          0.99971523          1.00000000
         -0.38437500          0.99984602          1.00000000
         -0.37812500          0.99991772          1.00000000
         -0.37187500          0.99995653          1.00000000
         -0.36562500          0.99997728          1.00000000
         -0.35937500          0.99998826          1.00000000
         -0.35312500          0.99999399          1.00000000
         -0.34687500          0.99999696          1.00000000
         -0.34062500          0.99999847          1.00000000
         -0.33437500          0.99999924          1.00000000
         -0.32812500          0.99999963          1.00000000
         -0.32187500          0.99999982          1.00000000
         -0.31562500          0.99999991          1.00000000
         -0.30937500          0.99999996          1.00000000
         -0.30312500          0.99999998          1.00000000
         -0.29687500          0.99999999          1.00000000
         -0.29062500          1.00000000          1.00000000
         -0.28437500          1.00000000          1.00000000
         -0.27812500          1.00000000          1.00000000
         -0.27187500          1.00000000          1.00000000
         -0.26562500          1.00000000          1.00000000
         -0.25937500          1.00000000          1.00000000
         -0.25312500          1.00000000          1.00000000
         -0.24687500          1.00000000          1.00000000
         -0.24062500          1.00000000          1.00000000
         -0.23437500          1.00000000          1.00000000
         -0.22812500          1.00000000          1.00000000
         -0.22187500          1.00000000          1.00000000
         -0.21562500          1.00000000          1.00000000
         -0.20937500          1.00000000          1.00000000
         -0.20312500          1.00000000          1.00000000
         -0.19687500          1.00000000          1.00000000
         -0.19062500          1.00000000          1.00000000
         -0.18437500          1.00000000          1.00000000
         -0.17812500          1.00000000          1.00000000
         -0.17187500          1.00000000          1.00000000
         -0.16562500          1.00000000          1.00000000
         -0.15937500          1.00000000          1.00000000
         -0.15312500          1.00000000          1.00000000
         -0.14687500          1.00000000          1.00000000
         -0.14062500          1.00000000          1.00000000
         -0.13437500          1.00000000          1.00000000
         -0.12812500          1.00000000          1.00000000
         -0.12187500          1.00000000          1.00000000
         -0.11562500          1.00000000          1.00000000
         -0.10937500          1.00000000          1.00000000
         -0.10312500          1.00000000          1.00000000
         -0.09687500          1.00000000          1.00000000
         -0.09062500          1.00000000          1.00000000
         -0.08437500          1.00000000          1.00000000
         -0.07812500          1.00000000          1.00000000
         -0.07187500          1.00000000          1.00000000
         -0.06562500          1.00000000          1.00000000
         -0.05937500          1.00000000          1.00000000
         -0.05312500          1.00000000          1.00000000
         -0.04687500          1.00000000          1.00000000
         -0.04062500          1.00000000          1.00000000
         -0.03437500          1.00000000          1.00000000
         -0.02812500          1.00000000          1.00000000
         -0.02187500          1.00000000          1.00000000
         -0.01562500          1.00000000          1.00000000
         -0.00937500          1.00000000          1.00000000
         -0.00312500          1.00000000          1.00000000
          0.00312500          1.00000000          1.00000000
          0.00937500          1.00000000          1.00000000
          0.01562500          1.00000000          1.00000000
          0.02187500          1.00000000          1.00000000
          0.02812500          1.00000000          1.00000000
          0.03437500          1.00000000          1.00000000
          0.04062500          1.00000000          1.00000000
          0.04687500          1.00000000          1.00000000
          0.05312500          1.00000000          1.00000000
          0.05937500          1.00000000          1.00000000
          0.06562500          1.00000000          1.00000000
          0.07187500          1.00000000          1.00000000
          0.07812500          1.00000000          1.00000000
          0.08437500          1.00000000          1.00000000
          0.09062500          1.00000000          1.00000000
          0.09687500          1.00000000          1.00000000
          0.10312500          1.00000000          1.00000000
          0.10937500          1.00000000          1.00000000
          0.11562500          1.00000000          1.00000000
          0.12187500          1.00000000          1.00000000
          0.12812500          1.00000000          1.00000000
          0.13437500          1.00000000          1.00000000
          0.14062500          1.00000000          1.00000000
          0.14687500          1.00000000          1.00000000
          0.15312500          1.00000000          1.00000000
          0.15937500          1.00000000          1.00000000
          0.16562500          1.00000000          1.00000000
          0.17187500          1.00000000          1.00000000
          0.17812500          1.00000000          1.00000000
          0.18437500          1.00000000          1.00000000
          0.19062500          1.00000000          1.00000000
          0.19687500          1.00000000          1.00000000
          0.20312500          1.00000000          1.00000000
          0.20937500          1.00000000          1.00000000
          0.21562500          1.00000000          1.00000000
          0.22187500          1.00000000          1.00000000
          0.22812500          1.00000000          1.00000000
          0.23437500          1.00000000          1.00000000
          0.24062500          1.00000000          1.00000000
          0.24687500          1.00000000          1.00000000
          0.25312500          1.00000000          1.00000000
          0.25937500          1.00000000          1.00000000
          0.26562500          1.00000000          1.00000000
          0.27187500          1.00000000          1.00000000
          0.27812500          1.00000000          1.00000000
          0.28437500          1.00000000          1.00000000
          0.29062500          1.00000000          1.00000000
          0.29687500          1.00000000          1.00000000
          0.30312500          0.99999999          1.00000000
          0.30937500          0.99999999          1.00000000
          0.31562500          0.99999998          1.00000000
          0.32187500          0.99999995          1.00000000
          0.32812500          0.99999989          1.00000000
          0.33437500          0.99999978          1.00000000
          0.34062500          0.99999955          1.00000000
          0.34687500          0.99999910          1.00000000
          0.35312500          0.99999819          1.00000000
          0.35937500          0.99999640          1.00000000
          0.36562500          0.99999290          1.00000000
          0.37187500          0.99998617          1.00000000
          0.37812500          0.99997334          1.00000000
          0.38437500          0.99994912          1.00000000
          0.39062500          0.99990400          1.00000000
          0.39687500          0.99982090          1.00000000
          0.40312500          0.99966983          1.00000000
          0.40937500          0.99939884          1.00000000
          0.41562500          0.99891957          1.00000000
          0.42187500          0.99808460          1.00000000
          0.42812500          0.99665330          1.00000000
          0.43437500          0.99424245          1.00000000
          0.44062500          0.99025916          1.00000000
          0.44687500          0.98381726          1.00000000
          0.45312500          0.97364724          1.00000000
          0.45937500          0.95802596          1.00000000
          0.46562500          0.93477540          1.00000000
          0.47187500          0.90140436          1.00000000
          0.47812500          0.85547234          1.00000000
          0.48437500          0.79521109          1.00000000
          0.49062500          0.72031677          1.00000000
          0.49687500          0.63264866          1.00000000
          0.50312500          0.53644837          0.00000000
          0.50937500          0.43778569          0.00000000
          0.51562500          0.34329185          0.00000000
          0.52187500          0.25865682          0.00000000
          0.52812500          0.18751770          0.00000000
          0.53437500          0.13111922          0.00000000
          0.54062500          0.08869575          0.00000000
          0.54687500          0.05822953          0.00000000
          0.55312500          0.03721640          0.00000000
          0.55937500          0.02322191          0.00000000
          0.56562500          0.01418059          0.00000000
          0.57187500          0.00849214          0.00000000
          0.57812500          0.00499582          0.00000000
          0.58437500          0.00289115          0.00000000
          0.59062500          0.00164781          0.00000000
          0.59687500          0.00092582          0.00000000
          0.60312500          0.00051319          0.00000000
          0.60937500          0.00028083          0.00000000
          0.61562500          0.00015180          0.00000000
          0.62187500          0.00008109          0.00000000
          0.62812500          0.00004283          0.00000000
          0.63437500          0.00002237          0.00000000
          0.64062500          0.00001156          0.00000000
          0.64687500          0.00000592          0.00000000
          0.65312500          0.00000300          0.00000000
          0.65937500          0.00000150          0.00000000
          0.66562500          0.00000075          0.00000000
          0.67187500          0.00000037          0.00000000
          0.67812500          0.00000018          0.00000000
          0.68437500          0.00000009          0.00000000
          0.69062500          0.00000004          0.00000000
          0.69687500          0.00000002          0.00000000
          0.70312500          0.00000001          0.00000000
          0.70937500          0.00000000          0.00000000
          0.71562500          0.00000000          0.00000000
          0.72187500          0.00000000          0.00000000
          0.72812500          0.00000000          0.00000000
          0.73437500          0.00000000          0.00000000
          0.74062500          0.00000000          0.00000000
          0.74687500          0.00000000          0.00000000
          0.75312500          0.00000000          0.00000000
          0.75937500          0.00000000          0.00000000
          0.76562500          0.00000000          0.00000000
          0.77187500          0.00000000          0.00000000
          0.77812500          0.00000000          0.00000000
          0.78437500          0.00000000          0.00000000
          0.79062500          0.00000000          0.00000000
          0.79687500          0.00000000          0.00000000
          0.80312500          0.00000000          0.00000000
          0.80937500          0.00000000          0.00000000
          0.81562500          0.00000000          0.00000000
          0.82187500          0.00000000          0.00000000
          0.82812500          0.00000000          0.00000000
          0.83437500          0.00000000          0.00000000
          0.84062500          0.00000000          0.00000000
          0.84687500          0.00000000          0.00000000
          0.85312500          0.00000000          0.00000000
          0.85937500          0.00000000          0.00000000
          0.86562500          0.00000000          0.00000000
          0.87187500          0.00000000          0.00000000
          0.87812500          0.00000000          0.00000000
          0.88437500          0.00000000          0.00000000
          0.89062500          0.00000000          0.00000000
          0.89687500          0.00000000          0.00000000
          0.90312500          0.00000000          0.00000000
          0.90937500          0.00000000          0.00000000
          0.91562500          0.00000000          0.00000000
          0.92187500          0.00000000          0.00000000
          0.92812500          0.00000000          0.00000000
          0.93437500          0.00000000          0.00000000
          0.94062500          0.00000000          0.00000000
          0.94687500          0.00000000          0.00000000
          0.95312500          0.00000000          0.00000000
          0.95937500          0.00000000          0.00000000
          0.96562500          0.00000000          0.00000000
          0.97187500          0.00000000          0.00000000
          0.97812500          0.00000000          0.00000000
          0.98437500          0.00000000          0.00000000
          0.99062500          0.00000000          0.00000000
          0.99687500          0.00000000          0.00000000
