        0.00000000        0.47441289
        0.01250000        0.35507351
        0.02500000        0.25269634
        0.03750000        0.17087150
        0.05000000        0.10986050
        0.06250000        0.06728984
        0.07500000        0.03936536
        0.08750000        0.02205465
        0.10000000        0.01186178
        0.11250000        0.00613639
        0.12500000        0.00305805
        0.13750000        0.00146973
        0.15000000        0.00068180
        0.16250000        0.00030548
        0.17500000        0.00013227
        0.18750000        0.00005536
        0.20000000        0.00002241
        0.21250000        0.00000877
        0.22500000        0.00000332
        0.23750000        0.00000122
        0.25000000        0.00000043
        0.26250000        0.00000015
        0.27500000        0.00000005
        0.28750000        0.00000002
        0.30000000        0.00000000
        0.31250000        0.00000000
        0.32500000        0.00000000
        0.33750000        0.00000000
        0.35000000        0.00000000
        0.36250000        0.00000000
        0.37500000        0.00000000
        0.38750000        0.00000000
        0.40000000        0.00000000
        0.41250000        0.00000000
        0.42500000        0.00000000
        0.43750000       -0.00000000
        0.45000000       -0.00000000
        0.46250000        0.00000000
        0.47500000        0.00000000
        0.48750000       -0.00000000
        0.50000000       -0.00000000
        0.51250000        0.00000000
        0.52500000        0.00000000
        0.53750000       -0.00000000
        0.55000000       -0.00000000
        0.56250000        0.00000000
        0.57500000        0.00000000
        0.58750000       -0.00000000
        0.60000000       -0.00000000
        0.61250000        0.00000000
        0.62500000        0.00000000
        0.63750000       -0.00000000
        0.65000000       -0.00000000
        0.66250000        0.00000000
        0.67500000        0.00000000
        0.68750000       -0.00000000
        0.70000000       -0.00000001
        0.71250000       -0.00000000
        0.72500000        0.00000002
        0.73750000        0.00000002
        0.75000000       -0.00000003
        0.76250000       -0.00000006
        0.77500000        0.00000003
        0.78750000        0.00000016
        0.80000000        0.00000006
        0.81250000       -0.00000030
        0.82500000       -0.00000040
        0.83750000        0.00000033
        0.85000000        0.00000116
        0.86250000        0.00000036
        0.87500000       -0.00000212
        0.88750000       -0.00000284
        0.90000000        0.00000155
        0.91250000        0.00000741
        0.92500000        0.00000471
        0.93750000       -0.00000970
        0.95000000       -0.00002006
        0.96250000       -0.00000388
        0.97500000        0.00003406
        0.98750000        0.00004776
        1.00000000       -0.00000603
        1.01250000       -0.00009583
        1.02500000       -0.00010970
        1.03750000        0.00003203
        1.05000000        0.00023728
        1.06250000        0.00025966
        1.07500000       -0.00006009
        1.08750000       -0.00052805
        1.10000000       -0.00063863
        1.11250000       -0.00002749
        1.12500000        0.00101471
        1.13750000        0.00153768
        1.15000000        0.00066351
        1.16250000       -0.00144077
        1.17500000       -0.00326214
        1.18750000       -0.00285893
        1.20000000        0.00047728
        1.21250000        0.00511373
        1.22500000        0.00762477
        1.23750000        0.00502015
        1.25000000       -0.00279644
        1.26250000       -0.01209104
        1.27500000       -0.01682589
        1.28750000       -0.01216498
        1.30000000        0.00229295
        1.31250000        0.02135505
        1.32500000        0.03583194
        1.33750000        0.03666660
        1.35000000        0.01947439
        1.36250000       -0.01356203
        1.37500000       -0.05357660
        1.38750000       -0.08719140
        1.40000000       -0.10077612
        1.41250000       -0.08553241
        1.42500000       -0.03836240
        1.43750000        0.03952165
        1.45000000        0.14328817
        1.46250000        0.26528691
        1.47500000        0.39603796
        1.48750000        0.52556526
        1.50000000        0.64489357
        1.51250000        0.74730958
        1.52500000        0.82920933
        1.53750000        0.89023640
        1.55000000        0.93267896
        1.56250000        0.96040647
        1.57500000        0.97769206
        1.58750000        0.98819830
        1.60000000        0.99438910
        1.61250000        0.99757911
        1.62500000        0.99855702
        1.63750000        0.99830282
        1.65000000        0.99815640
        1.66250000        0.99920387
        1.67500000        1.00138515
        1.68750000        1.00323960
        1.70000000        1.00285009
        1.71250000        0.99951936
        1.72500000        0.99488503
        1.73750000        0.99237479
        1.75000000        0.99497970
        1.76250000        1.00279638
        1.77500000        1.01209103
        1.78750000        1.01682590
        1.80000000        1.01216497
        1.81250000        0.99770701
        1.82500000        0.97864494
        1.83750000        0.96416814
        1.85000000        0.96333349
        1.86250000        0.98052550
        1.87500000        1.01356171
        1.88750000        1.05357653
        1.90000000        1.08719207
        1.91250000        1.10077693
        1.92500000        1.08553174
        1.93750000        1.03835974
        1.95000000        0.96047683
        1.96250000        0.85671653
        1.97500000        0.73472301
        1.98750000        0.60396358
