                   x         u_numerical        u_analytical
         -0.99375000-4350492133.63874340          0.00000000
         -0.98125000 6599288863.15521336          0.00000000
         -0.96875000-9759000389.40435600          0.00000000
         -0.9562500014057431691.52402878          0.00000000
         -0.94375000********************          0.00000000
         -0.9312500026861143435.96483612          0.00000000
         -0.91875000********************          0.00000000
         -0.9062500045679945997.68248749          0.00000000
         -0.89375000********************          0.00000000
         -0.8812500068502497991.57180786          0.00000000
         -0.86875000********************          0.00000000
         -0.8562500089605606597.48539734          0.00000000
         -0.84375000********************          0.00000000
         -0.83125000********************          0.00000000
         -0.81875000********************          0.00000000
         -0.8062500096294485220.26936340          0.00000000
         -0.79375000********************          0.00000000
         -0.7812500076333895284.90519714          0.00000000
         -0.76875000********************          0.00000000
         -0.7562500049012789490.31146240          0.00000000
         -0.74375000********************          0.00000000
         -0.7312500024655999172.62813950          0.00000000
         -0.71875000********************          0.00000000
         -0.70625000 9283652690.72004700          0.00000000
         -0.69375000-5011228751.56527615          0.00000000
         -0.68125000 2448427167.52574587          0.00000000
         -0.66875000-1067375893.19676661          0.00000000
         -0.65625000  407372635.01418006          0.00000000
         -0.64375000 -132593555.13291825          0.00000000
         -0.63125000   35416727.60321579          0.00000000
         -0.61875000   -7299729.11738355          0.00000000
         -0.60625000    1035953.22595494          0.00000000
         -0.59375000     -76332.32191246          0.00000000
         -0.58125000          0.99999998          0.00000000
         -0.56875000          1.00000006          0.00000000
         -0.55625000          0.99999980          0.00000000
         -0.54375000          1.00000063          0.00000000
         -0.53125000          0.99999803          0.00000000
         -0.51875000          1.00000606          0.00000000
         -0.50625000          0.99998159          0.00000000
         -0.49375000          1.00005525          0.00000000
         -0.48125000          0.99983622          1.00000000
         -0.46875000          1.00047961          1.00000000
         -0.45625000          0.99861279          1.00000000
         -0.44375000          1.00396249          1.00000000
         -0.43125000          0.98882355          1.00000000
         -0.41875000          1.03112322          1.00000000
         -0.40625000          0.91444517          1.00000000
         -0.39375000          1.23212149          1.00000000
         -0.38125000          0.37852153          1.00000000
         -0.36875000          2.64173602          1.00000000
         -0.35625000         -3.27829728          1.00000000
         -0.34375000         11.99638826          1.00000000
         -0.33125000        -26.87139964          1.00000000
         -0.31875000         70.64855649          1.00000000
         -0.30625000       -170.56229358          1.00000000
         -0.29375000        417.48202428          1.00000000
         -0.28125000       -995.18513250          1.00000000
         -0.26875000       2348.22151537          1.00000000
         -0.25625000      -5445.72100827          1.00000000
         -0.24375000      12445.45091710          1.00000000
         -0.23125000     -27986.48645747          1.00000000
         -0.21875000      61942.65326258          1.00000000
         -0.20625000    -134867.49844926          1.00000000
         -0.19375000     288816.01331647          1.00000000
         -0.18125000    -608102.41470023          1.00000000
         -0.16875000    1258475.26737892          1.00000000
         -0.15625000   -2559025.02211575          1.00000000
         -0.14375000    5111117.56516756          1.00000000
         -0.13125000  -10023221.53207020          1.00000000
         -0.11875000   19292178.01409341          1.00000000
         -0.10625000  -36430116.07927910          1.00000000
         -0.09375000   67462016.27652393          1.00000000
         -0.08125000 -122456396.80065893          1.00000000
         -0.06875000  217781189.91582245          1.00000000
         -0.05625000 -379278011.53278518          1.00000000
         -0.04375000  646491090.02369642          1.00000000
         -0.03125000-1077929943.30795050          1.00000000
         -0.01875000 1757042974.36927438          1.00000000
         -0.00625000-2798096450.99887896          1.00000000
          0.00625000 4350492134.63876152          1.00000000
          0.01875000-6599288862.15524292          1.00000000
          0.03125000 9759000390.40439415          1.00000000
          0.04375000********************          1.00000000
          0.0562500019706804938.63600159          1.00000000
          0.06875000********************          1.00000000
          0.0812500035562094927.22786713          1.00000000
          0.09375000********************          1.00000000
          0.1062500056861726266.37285614          1.00000000
          0.11875000********************          1.00000000
          0.1312500079757089973.80705261          1.00000000
          0.14375000********************          1.00000000
          0.1562500096975936244.03402710          1.00000000
          0.16875000********************          1.00000000
          0.18125000********************          1.00000000
          0.19375000********************          1.00000000
          0.2062500087871482890.74264526          1.00000000
          0.21875000********************          1.00000000
          0.2312500062915664004.63189697          1.00000000
          0.24375000********************          1.00000000
          0.2562500035929116131.92841339          1.00000000
          0.26875000********************          1.00000000
          0.2812500015742652398.80224037          1.00000000
          0.29375000-9283652689.72005081          1.00000000
          0.30625000 5011228752.56527710          1.00000000
          0.31875000-2448427166.52574778          1.00000000
          0.33125000 1067375894.19676769          1.00000000
          0.34375000 -407372634.01418072          1.00000000
          0.35625000  132593556.13291831          1.00000000
          0.36875000  -35416726.60321584          1.00000000
          0.38125000    7299730.11738356          1.00000000
          0.39375000   -1035952.22595494          1.00000000
          0.40625000      76333.32191246          1.00000000
          0.41875000          0.00000002          1.00000000
          0.43125000         -0.00000006          1.00000000
          0.44375000          0.00000020          1.00000000
          0.45625000         -0.00000063          1.00000000
          0.46875000          0.00000197          1.00000000
          0.48125000         -0.00000606          1.00000000
          0.49375000          0.00001841          1.00000000
          0.50625000         -0.00005525          1.00000000
          0.51875000          0.00016378          0.00000000
          0.53125000         -0.00047961          0.00000000
          0.54375000          0.00138721          0.00000000
          0.55625000         -0.00396249          0.00000000
          0.56875000          0.01117645          0.00000000
          0.58125000         -0.03112322          0.00000000
          0.59375000          0.08555484          0.00000000
          0.60625000         -0.23212151          0.00000000
          0.61875000          0.62147850          0.00000000
          0.63125000         -1.64173606          0.00000000
          0.64375000          4.27829733          0.00000000
          0.65625000        -10.99638834          0.00000000
          0.66875000         27.87139977          0.00000000
          0.68125000        -69.64855668          0.00000000
          0.69375000        171.56229386          0.00000000
          0.70625000       -416.48202469          0.00000000
          0.71875000        996.18513308          0.00000000
          0.73125000      -2347.22151619          0.00000000
          0.74375000       5446.72100938          0.00000000
          0.75625000     -12444.45091860          0.00000000
          0.76875000      27987.48645943          0.00000000
          0.78125000     -61941.65326508          0.00000000
          0.79375000     134868.49845238          0.00000000
          0.80625000    -288815.01332027          0.00000000
          0.81875000     608103.41470473          0.00000000
          0.83125000   -1258474.26738411          0.00000000
          0.84375000    2559026.02212156          0.00000000
          0.85625000   -5111116.56517386          0.00000000
          0.86875000   10023222.53207679          0.00000000
          0.88125000  -19292177.01410001          0.00000000
          0.89375000   36430117.07928536          0.00000000
          0.90625000  -67462015.27652940          0.00000000
          0.91875000  122456397.80066313          0.00000000
          0.93125000 -217781188.91582483          0.00000000
          0.94375000  379278012.53278512          0.00000000
          0.95625000 -646491089.02369308          0.00000000
          0.96875000 1077929944.30794406          0.00000000
          0.98125000-1757042973.36926365          0.00000000
          0.99375000 2798096451.99886465          0.00000000
