        0.00000000        0.41010258
        0.01250000        0.28926550
        0.02500000        0.19526553
        0.03750000        0.12632716
        0.05000000        0.07842723
        0.06250000        0.04677729
        0.07500000        0.02683162
        0.08750000        0.01481493
        0.10000000        0.00788038
        0.11250000        0.00404115
        0.12500000        0.00199918
        0.13750000        0.00095463
        0.15000000        0.00044023
        0.16250000        0.00019614
        0.17500000        0.00008447
        0.18750000        0.00003517
        0.20000000        0.00001416
        0.21250000        0.00000552
        0.22500000        0.00000208
        0.23750000        0.00000076
        0.25000000        0.00000027
        0.26250000        0.00000009
        0.27500000        0.00000003
        0.28750000        0.00000001
        0.30000000        0.00000000
        0.31250000        0.00000000
        0.32500000        0.00000000
        0.33750000        0.00000000
        0.35000000        0.00000000
        0.36250000        0.00000000
        0.37500000        0.00000000
        0.38750000        0.00000000
        0.40000000        0.00000000
        0.41250000        0.00000000
        0.42500000        0.00000000
        0.43750000       -0.00000000
        0.45000000       -0.00000000
        0.46250000        0.00000000
        0.47500000        0.00000000
        0.48750000       -0.00000000
        0.50000000       -0.00000000
        0.51250000        0.00000000
        0.52500000        0.00000000
        0.53750000       -0.00000000
        0.55000000       -0.00000000
        0.56250000        0.00000000
        0.57500000        0.00000000
        0.58750000       -0.00000000
        0.60000000       -0.00000000
        0.61250000        0.00000000
        0.62500000        0.00000000
        0.63750000       -0.00000000
        0.65000000       -0.00000000
        0.66250000        0.00000000
        0.67500000        0.00000001
        0.68750000        0.00000000
        0.70000000       -0.00000002
        0.71250000       -0.00000002
        0.72500000        0.00000004
        0.73750000        0.00000008
        0.75000000       -0.00000005
        0.76250000       -0.00000022
        0.77500000       -0.00000005
        0.78750000        0.00000047
        0.80000000        0.00000047
        0.81250000       -0.00000069
        0.82500000       -0.00000162
        0.83750000        0.00000011
        0.85000000        0.00000360
        0.86250000        0.00000305
        0.87500000       -0.00000473
        0.88750000       -0.00001094
        0.90000000       -0.00000114
        0.91250000        0.00002106
        0.92500000        0.00002431
        0.93750000       -0.00001565
        0.95000000       -0.00006475
        0.96250000       -0.00004250
        0.97500000        0.00007468
        0.98750000        0.00016769
        1.00000000        0.00006207
        1.01250000       -0.00023202
        1.02500000       -0.00040192
        1.03750000       -0.00009566
        1.05000000        0.00058651
        1.06250000        0.00094064
        1.07500000        0.00025237
        1.08750000       -0.00125552
        1.10000000       -0.00216821
        1.11250000       -0.00098007
        1.12500000        0.00214363
        1.13750000        0.00470979
        1.15000000        0.00355141
        1.16250000       -0.00208497
        1.17500000       -0.00870672
        1.18750000       -0.01027030
        1.20000000       -0.00291040
        1.21250000        0.01075529
        1.22500000        0.02166066
        1.23750000        0.01970799
        1.25000000        0.00139764
        1.26250000       -0.02575187
        1.27500000       -0.04576825
        1.28750000       -0.04300033
        1.30000000       -0.01205797
        1.31250000        0.03717114
        1.32500000        0.08269357
        1.33750000        0.10029857
        1.35000000        0.07503297
        1.36250000        0.00857012
        1.37500000       -0.08073954
        1.38750000       -0.16457106
        1.40000000       -0.21457257
        1.41250000       -0.21122717
        1.42500000       -0.14855016
        1.43750000       -0.03381835
        1.45000000        0.11645206
        1.46250000        0.28210302
        1.47500000        0.44447568
        1.48750000        0.58982274
        1.50000000        0.71056682
        1.51250000        0.80467240
        1.52500000        0.87390485
        1.53750000        0.92197469
        1.55000000        0.95331837
        1.56250000        0.97258187
        1.57500000        0.98424443
        1.58750000        0.99186725
        1.60000000        0.99721438
        1.61250000        1.00016904
        1.62500000        1.00002544
        1.63750000        0.99741614
        1.65000000        0.99509407
        1.66250000        0.99636412
        1.67500000        1.00204980
        1.68750000        1.00869256
        1.70000000        1.01026477
        1.71250000        1.00290832
        1.72500000        0.98924397
        1.73750000        0.97833909
        1.75000000        0.98029188
        1.76250000        0.99860225
        1.77500000        1.02575191
        1.78750000        1.04576847
        1.80000000        1.04300038
        1.81250000        1.01205750
        1.82500000        0.96282838
        1.83750000        0.91730712
        1.85000000        0.89970305
        1.86250000        0.92496692
        1.87500000        0.99142628
        1.88750000        1.08073648
        1.90000000        1.16457579
        1.91250000        1.21458351
        1.92500000        1.21122831
        1.93750000        1.14852910
        1.95000000        1.03379403
        1.96250000        0.88356359
        1.97500000        0.71796173
        1.98750000        0.55556682
