                   x         u_numerical        u_analytical
         -0.98750000          0.00000000          0.00000000
         -0.96250000          0.00000000          0.00000000
         -0.93750000          0.00000000          0.00000000
         -0.91250000          0.00000000          0.00000000
         -0.88750000          0.00000000          0.00000000
         -0.86250000          0.00000000          0.00000000
         -0.83750000          0.00000000          0.00000000
         -0.81250000          0.00000000          0.00000000
         -0.78750000          0.00000000          0.00000000
         -0.76250000          0.00000001          0.00000000
         -0.73750000          0.00000005          0.00000000
         -0.71250000          0.00000032          0.00000000
         -0.68750000          0.00000190          0.00000000
         -0.66250000          0.00001123          0.00000000
         -0.63750000          0.00006603          0.00000000
         -0.61250000          0.00038734          0.00000000
         -0.58750000          0.00226823          0.00000000
         -0.56250000          0.01326507          0.00000000
         -0.53750000          0.07750182          0.00000000
         -0.51250000          0.34333068          0.00000000
         -0.48750000          0.65666932          1.00000000
         -0.46250000          0.92249818          1.00000000
         -0.43750000          0.98673493          1.00000000
         -0.41250000          0.99773177          1.00000000
         -0.38750000          0.99961266          1.00000000
         -0.36250000          0.99993397          1.00000000
         -0.33750000          0.99998877          1.00000000
         -0.31250000          0.99999810          1.00000000
         -0.28750000          0.99999968          1.00000000
         -0.26250000          0.99999995          1.00000000
         -0.23750000          0.99999999          1.00000000
         -0.21250000          1.00000000          1.00000000
         -0.18750000          1.00000000          1.00000000
         -0.16250000          1.00000000          1.00000000
         -0.13750000          1.00000000          1.00000000
         -0.11250000          1.00000000          1.00000000
         -0.08750000          1.00000000          1.00000000
         -0.06250000          1.00000000          1.00000000
         -0.03750000          1.00000000          1.00000000
         -0.01250000          1.00000000          1.00000000
          0.01250000          1.00000000          1.00000000
          0.03750000          1.00000000          1.00000000
          0.06250000          1.00000000          1.00000000
          0.08750000          1.00000000          1.00000000
          0.11250000          1.00000000          1.00000000
          0.13750000          1.00000000          1.00000000
          0.16250000          1.00000000          1.00000000
          0.18750000          1.00000000          1.00000000
          0.21250000          1.00000000          1.00000000
          0.23750000          0.99999999          1.00000000
          0.26250000          0.99999995          1.00000000
          0.28750000          0.99999968          1.00000000
          0.31250000          0.99999810          1.00000000
          0.33750000          0.99998877          1.00000000
          0.36250000          0.99993397          1.00000000
          0.38750000          0.99961266          1.00000000
          0.41250000          0.99773177          1.00000000
          0.43750000          0.98673493          1.00000000
          0.46250000          0.92249818          1.00000000
          0.48750000          0.65666932          1.00000000
          0.51250000          0.34333068          0.00000000
          0.53750000          0.07750182          0.00000000
          0.56250000          0.01326507          0.00000000
          0.58750000          0.00226823          0.00000000
          0.61250000          0.00038734          0.00000000
          0.63750000          0.00006603          0.00000000
          0.66250000          0.00001123          0.00000000
          0.68750000          0.00000190          0.00000000
          0.71250000          0.00000032          0.00000000
          0.73750000          0.00000005          0.00000000
          0.76250000          0.00000001          0.00000000
          0.78750000          0.00000000          0.00000000
          0.81250000          0.00000000          0.00000000
          0.83750000          0.00000000          0.00000000
          0.86250000          0.00000000          0.00000000
          0.88750000          0.00000000          0.00000000
          0.91250000          0.00000000          0.00000000
          0.93750000          0.00000000          0.00000000
          0.96250000          0.00000000          0.00000000
          0.98750000          0.00000000          0.00000000
