                Time     Total_Variation            L2_Error
          0.00000000          2.00000000          0.00000000
          0.00625000          2.00000000          0.05590170
          0.01250000          2.00001953          0.02964635
          0.01875000          2.00004883          0.05664106
          0.02500000          2.00008301          0.03745141
          0.03125000          2.00011963          0.05773209
          0.03750000          2.00015747          0.04176651
          0.04375000          2.00019592          0.05876762
          0.05000000          2.00023468          0.04472366
          0.05625000          2.00027359          0.05970518
          0.06250000          2.00031258          0.04696984
          0.06875000          2.00035160          0.06055150
          0.07500000          2.00039064          0.04878125
          0.08125000          2.00042970          0.06131995
          0.08750000          2.00046875          0.05030004
          0.09375000          2.00050781          0.06202294
          0.10000000          2.00054688          0.05160867
          0.10625000          2.00058594          0.06267068
          0.11250000          2.00062500          0.05275908
          0.11875000          2.00066406          0.06327139
          0.12500000          2.00070313          0.05378610
          0.13125000          2.00074219          0.06383168
          0.13750000          2.00078125          0.05471419
          0.14375000          2.00082031          0.06435689
          0.15000000          2.00085938          0.05556116
          0.15625000          2.00089844          0.06485138
          0.16250000          2.00093750          0.05634042
          0.16875000          2.00097656          0.06531876
          0.17500000          2.00101563          0.05706227
          0.18125000          2.00105469          0.06576202
          0.18750000          2.00109375          0.05773485
          0.19375000          2.00113281          0.06618368
          0.20000000          2.00117188          0.05836465
          0.20625000          2.00121094          0.06658590
          0.21250000          2.00125000          0.05895695
          0.21875000          2.00128906          0.06697052
          0.22500000          2.00132813          0.05951612
          0.23125000          2.00136719          0.06733910
          0.23750000          2.00140625          0.06004579
          0.24375000          2.00144531          0.06769304
          0.25000000          2.00148438          0.06054903
          0.25625000          2.00152344          0.06803354
          0.26250000          2.00156250          0.06102844
          0.26875000          2.00160156          0.06836165
          0.27500000          2.00164062          0.06148626
          0.28125000          2.00167969          0.06867832
          0.28750000          2.00171875          0.06192443
          0.29375000          2.00175781          0.06898436
          0.30000000          2.00179687          0.06234463
          0.30625000          2.00183594          0.06928054
          0.31250000          2.00187500          0.06274833
          0.31875000          2.00191406          0.06956750
          0.32500000          2.00195312          0.06313682
          0.33125000          2.00199219          0.06984585
          0.33750000          2.00203125          0.06351127
          0.34375000          2.00207031          0.07011614
          0.35000000          2.00210937          0.06387269
          0.35625000          2.00214842          0.07037885
          0.36250000          2.00218743          0.06422200
          0.36875000          2.00222635          0.07063443
          0.37500000          2.00226496          0.06456002
          0.38125000          2.00230272          0.07088328
          0.38750000          2.00233812          0.06488748
          0.39375000          2.00236739          0.07112579
          0.40000000          2.00238125          0.06520505
          0.40625000          2.00235805          0.07136228
          0.41250000          2.00224932          0.06551335
          0.41875000          2.00195123          0.07159309
          0.42500000          2.00125152          0.06581294
          0.43125000          2.00000000          0.07181854
          0.43750000          2.00000000          0.06610437
          0.44375000          2.00000000          0.07203906
          0.45000000          2.00000000          0.06638906
          0.45625000          2.00000000          0.07225803
          0.46250000          2.00000000          0.06667793
          0.46875000          2.00000000          0.07250470
          0.47500000          2.00000000          0.06705913
          0.48125000          2.00000000          0.07296112
          0.48750000          2.00000000          0.06786074
          0.49375000          2.00000000          0.07411058
          0.50000000          2.00000000          0.07030546
          0.50625000          2.00000000          0.07680480
          0.51250000          2.00000000          0.06935213
          0.51875000          2.00000000          0.07646130
          0.52500000          2.00000000          0.06904145
          0.53125000          2.00000000          0.07640361
          0.53750000          2.00000000          0.06914051
          0.54375000          2.00000000          0.07651624
          0.55000000          2.00000000          0.06933565
          0.55625000          2.00000000          0.07666296
          0.56250000          2.00000000          0.06954386
          0.56875000          2.00000000          0.07681345
          0.57500000          2.00024634          0.06975111
          0.58125000          2.00149755          0.07696293
          0.58750000          2.00228103          0.06995537
          0.59375000          2.00279873          0.07711065
          0.60000000          2.00314923          0.07015631
          0.60625000          2.00338914          0.07725644
          0.61250000          2.00355539          0.07035391
          0.61875000          2.00367334          0.07740032
          0.62500000          2.00376037          0.07054829
          0.63125000          2.00382805          0.07754207
          0.63750000          2.00388392          0.07073937
          0.64375000          2.00393271          0.07768178
          0.65000000          2.00397733          0.07092721
          0.65625000          2.00401953          0.07781961
          0.66250000          2.00406035          0.07111194
          0.66875000          2.00410039          0.07795568
          0.67500000          2.00413999          0.07129372
          0.68125000          2.00417934          0.07809008
          0.68750000          2.00421856          0.07147265
          0.69375000          2.00425771          0.07822286
          0.70000000          2.00429682          0.07164887
          0.70625000          2.00433591          0.07835408
          0.71250000          2.00437499          0.07182247
          0.71875000          2.00441405          0.07848378
          0.72500000          2.00445312          0.07199354
          0.73125000          2.00449219          0.07861198
          0.73750000          2.00453125          0.07216216
          0.74375000          2.00457031          0.07873871
          0.75000000          2.00460937          0.07232840
          0.75625000          2.00464844          0.07886400
          0.76250000          2.00468750          0.07249234
          0.76875000          2.00472656          0.07898788
          0.77500000          2.00476562          0.07265402
          0.78125000          2.00480469          0.07911036
          0.78750000          2.00484375          0.07281352
          0.79375000          2.00488281          0.07923149
          0.80000000          2.00492187          0.07297089
          0.80625000          2.00496094          0.07935128
          0.81250000          2.00500000          0.07312618
          0.81875000          2.00503906          0.07946975
          0.82500000          2.00507812          0.07327944
          0.83125000          2.00511719          0.07958694
          0.83750000          2.00515625          0.07343074
          0.84375000          2.00519531          0.07970287
          0.85000000          2.00523437          0.07358011
          0.85625000          2.00527344          0.07981756
          0.86250000          2.00531250          0.07372760
          0.86875000          2.00535156          0.07993104
          0.87500000          2.00539062          0.07387326
          0.88125000          2.00542969          0.08004333
          0.88750000          2.00546875          0.07401714
          0.89375000          2.00550781          0.08015446
          0.90000000          2.00554687          0.07415928
          0.90625000          2.00558594          0.08026446
          0.91250000          2.00562500          0.07429971
          0.91875000          2.00566406          0.08037333
          0.92500000          2.00570312          0.07443848
          0.93125000          2.00574219          0.08048111
          0.93750000          2.00578125          0.07457563
          0.94375000          2.00582031          0.08058783
          0.95000000          2.00585937          0.07471119
          0.95625000          2.00589844          0.08069349
          0.96250000          2.00593750          0.07484521
          0.96875000          2.00597656          0.08079813
          0.97500000          2.00601562          0.07497772
          0.98125000          2.00605469          0.08090176
          0.98750000          2.00609375          0.07510874
          0.99375000          2.00613281          0.08100440
          1.00000000          2.00617187          0.07523833
          1.00625000          2.00621094          0.08110607
          1.01250000          2.00625000          0.07536650
          1.01875000          2.00628906          0.08120680
          1.02500000          2.00632812          0.07549330
          1.03125000          2.00636719          0.08130660
          1.03750000          2.00640625          0.07561874
          1.04375000          2.00644531          0.08140549
          1.05000000          2.00648437          0.07574287
          1.05625000          2.00652344          0.08150349
          1.06250000          2.00656250          0.07586570
          1.06875000          2.00660156          0.08160061
          1.07500000          2.00664062          0.07598728
          1.08125000          2.00667969          0.08169687
          1.08750000          2.00671875          0.07610761
          1.09375000          2.00675781          0.08179229
          1.10000000          2.00679687          0.07622674
          1.10625000          2.00683594          0.08188689
          1.11250000          2.00687500          0.07634468
          1.11875000          2.00691406          0.08198067
          1.12500000          2.00695312          0.07646146
          1.13125000          2.00699219          0.08207366
          1.13750000          2.00703125          0.07657711
          1.14375000          2.00707031          0.08216587
          1.15000000          2.00710937          0.07669164
          1.15625000          2.00714844          0.08225731
          1.16250000          2.00718750          0.07680508
          1.16875000          2.00722656          0.08234800
          1.17500000          2.00726562          0.07691746
          1.18125000          2.00730469          0.08243795
          1.18750000          2.00734375          0.07702878
          1.19375000          2.00738281          0.08252717
          1.20000000          2.00742187          0.07713909
          1.20625000          2.00746094          0.07941738
          1.21250000          2.00750000          0.07724838
          1.21875000          2.00753906          0.07951713
          1.22500000          2.00757812          0.07735669
          1.23125000          2.00761719          0.07961603
          1.23750000          2.00765625          0.07746403
          1.24375000          2.00769531          0.07971409
          1.25000000          2.00773437          0.07757043
          1.25625000          2.00777344          0.07981134
          1.26250000          2.00781250          0.07767589
          1.26875000          2.00785156          0.07990779
          1.27500000          2.00789062          0.07778044
          1.28125000          2.00792969          0.08000345
          1.28750000          2.00796875          0.07788409
          1.29375000          2.00800780          0.08009833
          1.30000000          2.00804685          0.07798686
          1.30625000          2.00808589          0.08019246
          1.31250000          2.00812490          0.07808877
          1.31875000          2.00816385          0.08028584
          1.32500000          2.00820268          0.07818983
          1.33125000          2.00824128          0.08037849
          1.33750000          2.00827939          0.07829005
          1.34375000          2.00831657          0.08047041
          1.35000000          2.00835192          0.07838946
          1.35625000          2.00838378          0.08056163
          1.36250000          2.00840906          0.07848806
          1.36875000          2.00842211          0.08065214
          1.37500000          2.00841278          0.07858585
          1.38125000          2.00841278          0.08074194
          1.38750000          2.00840798          0.07868283
          1.39375000          2.00840598          0.08083099
          1.40000000          2.00840300          0.07877891
          1.40625000          2.00840003          0.08091919
          1.41250000          2.00839815          0.07887395
          1.41875000          2.00839443          0.08100633
          1.42500000          2.00839334          0.07896774
          1.43125000          2.00838900          0.08109235
          1.43750000          2.00838853          0.07906066
          1.44375000          2.00838376          0.08117882
          1.45000000          2.00838373          0.07915766
          1.45625000          2.00838014          0.08127853
          1.46250000          2.00837967          0.07928706
          1.46875000          2.00837676          0.08144336
          1.47500000          2.00837588          0.07954646
          1.48125000          2.00837349          0.08181120
          1.48750000          2.00837224          0.08012513
          1.49375000          2.00837028          0.08292686
          1.50000000          2.00836867          0.08156019
          1.50625000          2.00836710          0.08195594
          1.51250000          2.00836515          0.08088424
          1.51875000          2.00836393          0.08129242
          1.52500000          2.00836166          0.08049129
          1.53125000          2.00836074          0.08108159
          1.53750000          2.00835817          0.08041909
          1.54375000          2.00835753          0.08108986
          1.55000000          2.00835466          0.08047257
          1.55625000          2.00835429          0.08116306
          1.56250000          2.00835114          0.08055565
          1.56875000          2.00835101          0.08124729
          1.57500000          2.00834793          0.08064138
          1.58125000          2.00834784          0.08133080
          1.58750000          2.00834524          0.08072542
          1.59375000          2.00834495          0.08141258
          1.60000000          2.00834267          0.08080800
          1.60625000          2.00834218          0.08149318
          1.61250000          2.00834017          0.08088966
          1.61875000          2.00833948          0.08157305
          1.62500000          2.00833772          0.08097071
          1.63125000          2.00833683          0.08165235
          1.63750000          2.00842247          0.08105125
          1.64375000          2.00851099          0.08173117
          1.65000000          2.00856934          0.08113132
          1.65625000          2.00860107          0.08180951
          1.66250000          2.00862380          0.08121092
          1.66875000          2.00865349          0.08188739
          1.67500000          2.00866774          0.08129006
          1.68125000          2.00870210          0.08196480
          1.68750000          2.00871861          0.08136875
          1.69375000          2.00875433          0.08204176
          1.70000000          2.00877975          0.08144699
          1.70625000          2.00881233          0.08211827
          1.71250000          2.00884243          0.08152478
          1.71875000          2.00887245          0.08219433
          1.72500000          2.00890581          0.08160212
          1.73125000          2.00893365          0.08226995
          1.73750000          2.00896949          0.08167902
          1.74375000          2.00899544          0.08234513
          1.75000000          2.00903323          0.08175548
          1.75625000          2.00905871          0.08241988
          1.76250000          2.00909748          0.08183151
          1.76875000          2.00912651          0.08249420
          1.77500000          2.00916391          0.08190711
          1.78125000          2.00919501          0.08256810
          1.78750000          2.00923118          0.08198230
          1.79375000          2.00926388          0.08264159
          1.80000000          2.00929891          0.08205707
          1.80625000          2.00933293          0.08271467
          1.81250000          2.00936692          0.08213143
          1.81875000          2.00940208          0.08278735
          1.82500000          2.00943509          0.08220539
          1.83125000          2.00947126          0.08285964
          1.83750000          2.00950336          0.08227895
          1.84375000          2.00954042          0.08293153
          1.85000000          2.00957165          0.08235211
          1.85625000          2.00960951          0.08300304
          1.86250000          2.00964157          0.08242487
          1.86875000          2.00967931          0.08307417
          1.87500000          2.00971239          0.08249724
          1.88125000          2.00974968          0.08314491
          1.88750000          2.00978346          0.08256921
          1.89375000          2.00982031          0.08321528
          1.90000000          2.00985466          0.08264080
          1.90625000          2.00989109          0.08328528
          1.91250000          2.00992589          0.08271200
          1.91875000          2.00996189          0.08335491
          1.92500000          2.00999706          0.08278282
          1.93125000          2.01003260          0.08342418
          1.93750000          2.01006800          0.08285325
          1.94375000          2.01010298          0.08349308
          1.95000000          2.01013842          0.08292332
          1.95625000          2.01017265          0.08356163
          1.96250000          2.01020784          0.08299300
          1.96875000          2.01024100          0.08362981
          1.97500000          2.01027552          0.08306232
          1.98125000          2.01030719          0.08369765
          1.98750000          2.01034079          0.08313128
          1.99375000          2.01037119          0.08376514
          2.00000000          2.01040323          0.08319988
          2.00625000          2.01043254          0.08383230
          2.01250000          2.01046287          0.08326812
          2.01875000          2.01049138          0.08389911
          2.02500000          2.01052082          0.08333603
          2.03125000          2.01054956          0.08396561
          2.03750000          2.01057938          0.08340359
          2.04375000          2.01060959          0.08403178
          2.05000000          2.01064095          0.08347083
          2.05625000          2.01067349          0.08409764
          2.06250000          2.01070689          0.08353774
          2.06875000          2.01074185          0.08416319
          2.07500000          2.01077706          0.08360434
          2.08125000          2.01081389          0.08422844
          2.08750000          2.01085020          0.08367063
          2.09375000          2.01088812          0.08429339
          2.10000000          2.01092479          0.08373661
          2.10625000          2.01096310          0.08435804
          2.11250000          2.01099958          0.08380228
          2.11875000          2.01103786          0.08442241
          2.12500000          2.01107388          0.08386766
          2.13125000          2.01111197          0.08448648
          2.13750000          2.01114748          0.08393273
          2.14375000          2.01118540          0.08455027
          2.15000000          2.01122049          0.08399752
          2.15625000          2.01125833          0.08461378
          2.16250000          2.01129352          0.08406201
          2.16875000          2.01133121          0.08467701
          2.17500000          2.01136687          0.08412622
          2.18125000          2.01140433          0.08473996
          2.18750000          2.01144041          0.08419016
          2.19375000          2.01147766          0.08480265
          2.20000000          2.01151411          0.08425381
          2.20625000          2.01155111          0.08486507
          2.21250000          2.01158782          0.08431719
          2.21875000          2.01162448          0.08492723
          2.22500000          2.01166132          0.08438031
          2.23125000          2.01169753          0.08498912
          2.23750000          2.01173444          0.08444316
          2.24375000          2.01177024          0.08505077
          2.25000000          2.01180735          0.08450575
          2.25625000          2.01184306          0.08511216
          2.26250000          2.01188081          0.08456809
          2.26875000          2.01191722          0.08517330
          2.27500000          2.01195612          0.08463017
          2.28125000          2.01199373          0.08523420
          2.28750000          2.01203406          0.08469200
          2.29375000          2.01207277          0.08529486
          2.30000000          2.01211392          0.08475358
          2.30625000          2.01215250          0.08535528
          2.31250000          2.01219265          0.08481492
          2.31875000          2.01222872          0.08541546
          2.32500000          2.01226479          0.08487601
          2.33125000          2.01229423          0.08547540
          2.33750000          2.01232035          0.08493687
          2.34375000          2.01233421          0.08553512
          2.35000000          2.01233615          0.08499750
          2.35625000          2.01231151          0.08559462
          2.36250000          2.01225242          0.08505792
          2.36875000          2.01213083          0.08565395
          2.37500000          2.01191883          0.08511822
          2.38125000          2.01155892          0.08571322
          2.38750000          2.01097864          0.08517853
          2.39375000          2.01005909          0.08577265
          2.40000000          2.00863994          0.08523922
          2.40625000          2.00648566          0.08583275
          2.41250000          2.00328244          0.08530095
          2.41875000          1.99860726          0.08589432
          2.42500000          1.99784521          0.08536453
          2.43125000          1.99784290          0.08595954
          2.43750000          1.99784145          0.08543734
          2.44375000          1.99783934          0.08604366
          2.45000000          1.99783772          0.08554446
          2.45625000          1.99783580          0.08618522
          2.46250000          1.99783400          0.08574738
          2.46875000          1.99783226          0.08648497
          2.47500000          1.99783029          0.08618349
          2.48125000          1.99782872          0.08705205
          2.48750000          1.99782658          0.08698038
          2.49375000          1.99782519          0.08850267
          2.50000000          1.99782288          0.08867945
          2.50625000          1.99782165          0.08754922
          2.51250000          1.99781917          0.08800644
          2.51875000          1.99781810          0.08678061
          2.52500000          1.99781546          0.08748649
          2.53125000          1.99781454          0.08641258
          2.53750000          1.99781173          0.08726719
          2.54375000          1.99781097          0.08628918
          2.55000000          1.99780800          0.08721128
          2.55625000          1.99780738          0.08627528
          2.56250000          1.99780424          0.08722297
          2.56875000          1.99780378          0.08630343
          2.57500000          1.99780048          0.08725974
          2.58125000          1.99966253          0.08634691
          2.58750000          2.00327255          0.08730569
          2.59375000          2.00590151          0.08639623
          2.60000000          2.00795716          0.08735533
          2.60625000          2.00958972          0.08644799
          2.61250000          2.01085938          0.08740649
          2.61875000          2.01182737          0.08650075
          2.62500000          2.01254323          0.08745825
          2.63125000          2.01306761          0.08655387
          2.63750000          2.01344299          0.08751017
          2.64375000          2.01371475          0.08660710
          2.65000000          2.01390866          0.08756199
          2.65625000          2.01405261          0.08666029
          2.66250000          2.01415855          0.08761361
          2.66875000          2.01424233          0.08671335
          2.67500000          2.01430789          0.08766499
          2.68125000          2.01436429          0.08676624
          2.68750000          2.01441168          0.08771615
          2.69375000          2.01445563          0.08681896
          2.70000000          2.01449492          0.08776711
          2.70625000          2.01453332          0.08687150
          2.71250000          2.01456934          0.08781792
          2.71875000          2.01460568          0.08692390
          2.72500000          2.01464098          0.08786860
          2.73125000          2.01467709          0.08697615
          2.73750000          2.01471290          0.08791917
          2.74375000          2.01474953          0.08702829
          2.75000000          2.01478621          0.08796966
          2.75625000          2.01482343          0.08708031
          2.76250000          2.01486083          0.08802008
          2.76875000          2.01489836          0.08713224
          2.77500000          2.01493619          0.08807043
          2.78125000          2.01497376          0.08718408
          2.78750000          2.01501176          0.08812074
          2.79375000          2.01504919          0.08723584
          2.80000000          2.01508724          0.08817099
          2.80625000          2.01512446          0.08728753
          2.81250000          2.01516254          0.08822121
          2.81875000          2.01519957          0.08733915
          2.82500000          2.01523771          0.08827138
          2.83125000          2.01527457          0.08739071
          2.83750000          2.01531279          0.08832152
          2.84375000          2.01534952          0.08744221
          2.85000000          2.01538786          0.08837162
          2.85625000          2.01542448          0.08749365
          2.86250000          2.01546294          0.08842167
          2.86875000          2.01549944          0.08754503
          2.87500000          2.01553801          0.08847169
          2.88125000          2.01557441          0.08759636
          2.88750000          2.01561309          0.08852167
          2.89375000          2.01564937          0.08764763
          2.90000000          2.01568815          0.08857161
          2.90625000          2.01572431          0.08769885
          2.91250000          2.01576319          0.08862150
          2.91875000          2.01579929          0.08775001
          2.92500000          2.01583823          0.08867135
          2.93125000          2.01587445          0.08780112
          2.93750000          2.01591336          0.08872115
          2.94375000          2.01594964          0.08785217
          2.95000000          2.01598853          0.08877090
          2.95625000          2.01602485          0.08790316
          2.96250000          2.01606372          0.08882060
          2.96875000          2.01610020          0.08795410
          2.97500000          2.01613898          0.08887026
          2.98125000          2.01617561          0.08800498
          2.98750000          2.01621429          0.08891986
          2.99375000          2.01625105          0.08805580
          3.00000000          2.01628964          0.08896941
          3.00625000          2.01632651          0.08810656
          3.01250000          2.01636501          0.08901890
          3.01875000          2.01640200          0.08815727
          3.02500000          2.01644040          0.08906834
          3.03125000          2.01647750          0.08820791
          3.03750000          2.01651581          0.08911772
          3.04375000          2.01655301          0.08825849
          3.05000000          2.01659123          0.08916704
          3.05625000          2.01662854          0.08830901
          3.06250000          2.01666666          0.08921630
          3.06875000          2.01670407          0.08835947
          3.07500000          2.01674211          0.08926551
          3.08125000          2.01677962          0.08840987
          3.08750000          2.01681757          0.08931465
          3.09375000          2.01685518          0.08846020
          3.10000000          2.01689304          0.08936374
          3.10625000          2.01693074          0.08851047
          3.11250000          2.01696849          0.08941276
          3.11875000          2.01700626          0.08856067
          3.12500000          2.01704389          0.08946172
          3.13125000          2.01708171          0.08861082
          3.13750000          2.01711921          0.08951062
          3.14375000          2.01715711          0.08866089
          3.15000000          2.01719453          0.08955946
          3.15625000          2.01723259          0.08871090
          3.16250000          2.01727006          0.08960823
          3.16875000          2.01730840          0.08876085
          3.17500000          2.01734604          0.08965694
          3.18125000          2.01738474          0.08881074
          3.18750000          2.01742252          0.08970559
          3.19375000          2.01746141          0.08886055
          3.20000000          2.01749898          0.08975418
          3.20625000          2.01753751          0.08891031
          3.21250000          2.01757414          0.08980270
          3.21875000          2.01761142          0.08895999
          3.22500000          2.01764616          0.08985116
          3.23125000          2.01768135          0.08900961
          3.23750000          2.01771370          0.08989956
          3.24375000          2.01774699          0.08905918
          3.25000000          2.01777830          0.08994790
          3.25625000          2.01781263          0.08910868
          3.26250000          2.01784763          0.08999619
          3.26875000          2.01788896          0.08915813
          3.27500000          2.01793350          0.09004442
          3.28125000          2.01798501          0.08920752
          3.28750000          2.01803807          0.09009260
          3.29375000          2.01809413          0.08925685
          3.30000000          2.01814683          0.09014070
          3.30625000          2.01819463          0.08930610
          3.31250000          2.01824218          0.09018873
          3.31875000          2.01828586          0.08935525
          3.32500000          2.01832354          0.09023666
          3.33125000          2.01835466          0.08940431
          3.33750000          2.01837251          0.09028449
          3.34375000          2.01837061          0.08945325
          3.35000000          2.01836641          0.09033218
          3.35625000          2.01835806          0.08950200
          3.36250000          2.01835664          0.09037961
          3.36875000          2.01835033          0.08955039
          3.37500000          2.01834881          0.09042655
          3.38125000          2.01834429          0.08959809
          3.38750000          2.01834217          0.09047254
          3.39375000          2.01833861          0.08964447
          3.40000000          2.01833602          0.09051681
          3.40625000          2.01833312          0.08968861
          3.41250000          2.01833015          0.09055829
          3.41875000          2.01832776          0.08972941
          3.42500000          2.01832446          0.09059617
          3.43125000          2.01832248          0.08976682
          3.43750000          2.01831890          0.09063212
          3.44375000          2.01831725          0.08980600
          3.45000000          2.01831342          0.09067768
          3.45625000          2.01831206          0.08986989
          3.46250000          2.01830800          0.09077077
          3.46875000          2.01830688          0.09001358
          3.47500000          2.01830261          0.09098779
          3.48125000          2.01830171          0.09032669
          3.48750000          2.01829751          0.09141498
          3.49375000          2.01829666          0.09106329
          3.50000000          2.01829304          0.09227038
          3.50625000          2.01829194          0.09056065
          3.51250000          2.01828872          0.09191608
          3.51875000          2.01828738          0.09018617
          3.52500000          2.01828449          0.09168260
          3.53125000          2.01828291          0.09004909
          3.53750000          2.01828032          0.09162798
          3.54375000          2.01827852          0.09004984
          3.55000000          2.01827619          0.09165965
          3.55625000          2.01827418          0.09010123
          3.56250000          2.01827210          0.09171581
          3.56875000          2.01826988          0.09016179
          3.57500000          2.01826803          0.09177265
          3.58125000          2.01826561          0.09021911
          3.58750000          2.01826397          0.09182510
          3.59375000          2.01826136          0.09027207
          3.60000000          2.01825993          0.09187395
          3.60625000          2.01825712          0.09032219
          3.61250000          2.01825588          0.09192077
          3.61875000          2.01825289          0.09037085
          3.62500000          2.01825184          0.09196663
          3.63125000          2.01824867          0.09041886
          3.63750000          2.01824779          0.09201209
          3.64375000          2.01824446          0.09046659
          3.65000000          2.01825417          0.09205738
          3.65625000          2.01841601          0.09051420
          3.66250000          2.01845810          0.09210259
          3.66875000          2.01850512          0.09056172
          3.67500000          2.01851007          0.09214774
          3.68125000          2.01854972          0.09060918
          3.68750000          2.01856467          0.09219283
          3.69375000          2.01859012          0.09065657
          3.70000000          2.01860553          0.09223788
          3.70625000          2.01861816          0.09070391
          3.71250000          2.01863304          0.09228289
          3.71875000          2.01864048          0.09075120
          3.72500000          2.01866187          0.09232787
          3.73125000          2.01867376          0.09079845
          3.73750000          2.01870634          0.09237284
          3.74375000          2.01872901          0.09084569
          3.75000000          2.01876862          0.09241779
          3.75625000          2.01880033          0.09089289
          3.76250000          2.01884081          0.09246273
          3.76875000          2.01887584          0.09094007
          3.77500000          2.01891422          0.09250765
          3.78125000          2.01894985          0.09098722
          3.78750000          2.01898519          0.09255255
          3.79375000          2.01902070          0.09103434
          3.80000000          2.01905330          0.09259742
          3.80625000          2.01908894          0.09108141
          3.81250000          2.01911956          0.09264227
          3.81875000          2.01915578          0.09112846
          3.82500000          2.01918514          0.09268709
          3.83125000          2.01922228          0.09117547
          3.83750000          2.01925381          0.09273189
          3.84375000          2.01929047          0.09122244
          3.85000000          2.01932336          0.09277668
          3.85625000          2.01935963          0.09126939
          3.86250000          2.01939357          0.09282144
          3.86875000          2.01942941          0.09131631
          3.87500000          2.01946416          0.09286619
          3.88125000          2.01949955          0.09136319
          3.88750000          2.01953493          0.09291092
          3.89375000          2.01956983          0.09141005
          3.90000000          2.01960572          0.09295563
          3.90625000          2.01964010          0.09145689
          3.91250000          2.01967635          0.09300032
          3.91875000          2.01971015          0.09150369
          3.92500000          2.01974660          0.09304500
          3.93125000          2.01977971          0.09155047
          3.93750000          2.01981614          0.09308967
          3.94375000          2.01984842          0.09159723
          3.95000000          2.01988461          0.09313431
          3.95625000          2.01991669          0.09164396
          3.96250000          2.01995200          0.09317895
          3.96875000          2.01998409          0.09169067
          3.97500000          2.02001808          0.09322357
          3.98125000          2.02004984          0.09173736
          3.98750000          2.02008246          0.09326818
          3.99375000          2.02011380          0.09178404
          4.00000000          2.02014515          0.09331278
          4.00625000          2.02017618          0.09183070
          4.01250000          2.02020651          0.09335738
          4.01875000          2.02023751          0.09187736
          4.02500000          2.02026725          0.09340197
          4.03125000          2.02029867          0.09192401
          4.03750000          2.02032832          0.09344658
          4.04375000          2.02036065          0.09197067
          4.05000000          2.02039074          0.09349119
          4.05625000          2.02042439          0.09201734
          4.06250000          2.02045528          0.09353582
          4.06875000          2.02049049          0.09206401
          4.07500000          2.02052238          0.09358047
          4.08125000          2.02055909          0.09211070
          4.08750000          2.02059203          0.09362513
          4.09375000          2.02062996          0.09215741
          4.10000000          2.02066363          0.09366981
          4.10625000          2.02070243          0.09220413
          4.11250000          2.02073649          0.09371452
          4.11875000          2.02077581          0.09225086
          4.12500000          2.02080995          0.09375924
          4.13125000          2.02084949          0.09229761
          4.13750000          2.02088416          0.09380398
          4.14375000          2.02092338          0.09234438
          4.15000000          2.02095829          0.09384874
          4.15625000          2.02099704          0.09239116
          4.16250000          2.02103204          0.09389352
          4.16875000          2.02107027          0.09243795
          4.17500000          2.02110526          0.09393832
          4.18125000          2.02114295          0.09248477
          4.18750000          2.02117793          0.09398315
          4.19375000          2.02121511          0.09253160
          4.20000000          2.02125013          0.09402799
          4.20625000          2.02128697          0.09257844
          4.21250000          2.02132227          0.09407286
          4.21875000          2.02135911          0.09262531
          4.22500000          2.02139512          0.09411775
          4.23125000          2.02143249          0.09267220
          4.23750000          2.02146978          0.09416267
          4.24375000          2.02150824          0.09271910
          4.25000000          2.02154723          0.09420761
          4.25625000          2.02158700          0.09276603
          4.26250000          2.02162758          0.09425258
          4.26875000          2.02166811          0.09281298
          4.27500000          2.02170923          0.09429756
          4.28125000          2.02174898          0.09285993
          4.28750000          2.02178853          0.09434257
          4.29375000          2.02182484          0.09290690
          4.30000000          2.02185949          0.09438759
          4.30625000          2.02188814          0.09295389
          4.31250000          2.02191235          0.09443263
          4.31875000          2.02192575          0.09300089
          4.32500000          2.02192868          0.09447771
          4.33125000          2.02191098          0.09304794
          4.33750000          2.02186926          0.09452287
          4.34375000          2.02178608          0.09309510
          4.35000000          2.02164933          0.09456818
          4.35625000          2.02142753          0.09314248
          4.36250000          2.02109074          0.09461383
          4.36875000          2.02058136          0.09319035
          4.37500000          2.01983589          0.09466018
          4.38125000          2.01875104          0.09323925
          4.38750000          2.01720504          0.09470798
          4.39375000          2.01502175          0.09329021
          4.40000000          2.01199089          0.09475859
          4.40625000          2.00783561          0.09334500
          4.41250000          2.00223725          0.09481413
          4.41875000          1.99515050          0.09340603
          4.42500000          1.99514972          0.09487708
          4.43125000          1.99514607          0.09348103
          4.43750000          1.99514523          0.09496931
          4.44375000          1.99514167          0.09360651
          4.45000000          1.99514077          0.09513606
          4.45625000          1.99513728          0.09383984
          4.46250000          1.99513633          0.09545148
          4.46875000          1.99513291          0.09428582
          4.47500000          1.99513190          0.09603399
          4.48125000          1.99512855          0.09500381
          4.48750000          1.99512748          0.09693506
          4.49375000          1.99512419          0.09652492
          4.50000000          1.99512307          0.09860480
          4.50625000          1.99511984          0.09574101
          4.51250000          1.99511867          0.09804710
          4.51875000          1.99511549          0.09502361
          4.52500000          1.99511426          0.09753219
          4.53125000          1.99511114          0.09461315
          4.53750000          1.99510986          0.09725647
          4.54375000          1.99510691          0.09442305
          4.55000000          1.99510550          0.09713988
          4.55625000          1.99510273          0.09435438
          4.56250000          1.99510120          0.09710615
          4.56875000          1.99509859          0.09434498
          4.57500000          1.99517141          0.09711162
          4.58125000          2.00103810          0.09436283
          4.58750000          2.00545252          0.09713507
          4.59375000          2.00914809          0.09439394
          4.60000000          2.01231337          0.09716804
          4.60625000          2.01497533          0.09443230
          4.61250000          2.01714941          0.09720612
          4.61875000          2.01887500          0.09447446
          4.62500000          2.02021230          0.09724692
          4.63125000          2.02123033          0.09451861
          4.63750000          2.02199483          0.09728890
          4.64375000          2.02256513          0.09456371
          4.65000000          2.02298824          0.09733133
          4.65625000          2.02330370          0.09460922
          4.66250000          2.02353898          0.09737391
          4.66875000          2.02371791          0.09465490
          4.67500000          2.02385436          0.09741654
          4.68125000          2.02396246          0.09470063
          4.68750000          2.02404792          0.09745920
          4.69375000          2.02411965          0.09474640
          4.70000000          2.02417876          0.09750190
          4.70625000          2.02423168          0.10153052
          4.71250000          2.02427708          0.09754466
          4.71875000          2.02432012          0.10427114
          4.72500000          2.02435849          0.09758751
          4.73125000          2.02439646          0.10430764
          4.73750000          2.02443149          0.09763047
          4.74375000          2.02446728          0.10434431
          4.75000000          2.02450122          0.09767355
          4.75625000          2.02453659          0.10438115
          4.76250000          2.02457074          0.09771678
          4.76875000          2.02460661          0.10441817
          4.77500000          2.02464155          0.09776015
          4.78125000          2.02467822          0.10445536
          4.78750000          2.02471403          0.09780369
          4.79375000          2.02475141          0.10449272
          4.80000000          2.02478786          0.09784738
          4.80625000          2.02482568          0.10453026
          4.81250000          2.02486250          0.09789123
          4.81875000          2.02490048          0.10456795
          4.82500000          2.02493743          0.09793524
          4.83125000          2.02497539          0.10460581
          4.83750000          2.02501232          0.09797940
          4.84375000          2.02505016          0.10464382
          4.85000000          2.02508703          0.09802373
          4.85625000          2.02512475          0.10468198
          4.86250000          2.02516157          0.09806821
          4.86875000          2.02519920          0.10472029
          4.87500000          2.02523600          0.09811283
          4.88125000          2.02527356          0.10475874
          4.88750000          2.02531037          0.09815761
          4.89375000          2.02534790          0.10479733
          4.90000000          2.02538475          0.09820254
          4.90625000          2.02542226          0.10483605
          4.91250000          2.02545915          0.09824760
          4.91875000          2.02549664          0.10487491
          4.92500000          2.02553357          0.09829281
          4.93125000          2.02557104          0.10491390
          4.93750000          2.02560800          0.09833816
          4.94375000          2.02564545          0.10495301
          4.95000000          2.02568243          0.09838364
          4.95625000          2.02571986          0.10499225
          4.96250000          2.02575687          0.09842926
          4.96875000          2.02579426          0.10503161
          4.97500000          2.02583129          0.09847500
          4.98125000          2.02586865          0.10507109
          4.98750000          2.02590571          0.09852088
          4.99375000          2.02594304          0.10511070
          5.00000000          2.02598012          0.09856688
          5.00625000          2.02601743          0.10515041
          5.01250000          2.02605454          0.09861300
          5.01875000          2.02609182          0.10519025
          5.02500000          2.02612895          0.09865925
          5.03125000          2.02616621          0.10523020
          5.03750000          2.02620335          0.09870562
          5.04375000          2.02624058          0.10527026
          5.05000000          2.02627774          0.09875210
          5.05625000          2.02631492          0.10531043
          5.06250000          2.02635209          0.09879871
          5.06875000          2.02638923          0.10535071
          5.07500000          2.02642639          0.09884543
          5.08125000          2.02646348          0.10539111
          5.08750000          2.02650063          0.09889226
          5.09375000          2.02653768          0.10543161
          5.10000000          2.02657489          0.09893921
          5.10625000          2.02661191          0.10547222
          5.11250000          2.02664930          0.09898627
          5.11875000          2.02668633          0.10551294
          5.12500000          2.02672399          0.09903344
          5.13125000          2.02676116          0.10555377
          5.13750000          2.02679919          0.09908072
          5.14375000          2.02683677          0.10559471
          5.15000000          2.02687510          0.09912811
          5.15625000          2.02691296          0.10563575
          5.16250000          2.02695132          0.09917561
          5.16875000          2.02698898          0.10567689
          5.17500000          2.02702669          0.09922321
          5.18125000          2.02706323          0.10571814
          5.18750000          2.02709918          0.09927092
          5.19375000          2.02713339          0.10575950
          5.20000000          2.02716640          0.09931873
          5.20625000          2.02719732          0.10580096
          5.21250000          2.02722696          0.09936665
          5.21875000          2.02725513          0.10584253
          5.22500000          2.02728343          0.09941469
          5.23125000          2.02731286          0.10588423
          5.23750000          2.02734611          0.09946287
          5.24375000          2.02738504          0.10592606
          5.25000000          2.02743205          0.09951117
          5.25625000          2.02748742          0.10596801
          5.26250000          2.02755044          0.09955959
          5.26875000          2.02761802          0.10601008
          5.27500000          2.02768682          0.09960810
          5.28125000          2.02775250          0.10605221
          5.28750000          2.02781102          0.09965666
          5.29375000          2.02786306          0.10609439
          5.30000000          2.02791263          0.09970525
          5.30625000          2.02795462          0.10613660
          5.31250000          2.02798886          0.09975385
          5.31875000          2.02801008          0.10617881
          5.32500000          2.02801160          0.09980242
          5.33125000          2.02800555          0.10622096
          5.33750000          2.02799860          0.09985084
          5.34375000          2.02799593          0.10626289
          5.35000000          2.02798848          0.09989888
          5.35625000          2.02798706          0.10630428
          5.36250000          2.02798034          0.09994605
          5.36875000          2.02797916          0.10634451
          5.37500000          2.02797393          0.09999149
          5.38125000          2.02797229          0.10638251
          5.38750000          2.02796787          0.10003375
          5.39375000          2.02796586          0.10641665
          5.40000000          2.02796202          0.10007083
          5.40625000          2.02795970          0.10644482
          5.41250000          2.02795630          0.10010031
          5.41875000          2.02795372          0.10646481
          5.42500000          2.02795068          0.10012037
          5.43125000          2.02794786          0.10647606
          5.43750000          2.02794512          0.10013281
          5.44375000          2.02794210          0.10648414
          5.45000000          2.02793961          0.10014985
          5.45625000          2.02793641          0.10650887
          5.46250000          2.02793415          0.10020394
          5.46875000          2.02793077          0.10659107
          5.47500000          2.02792870          0.10034452
          5.48125000          2.02792518          0.10677945
          5.48750000          2.02792328          0.10061321
          5.49375000          2.02791962          0.10708918
          5.50000000          2.02791787          0.10109042
          5.50625000          2.02791407          0.10755817
          5.51250000          2.02791246          0.10092367
          5.51875000          2.02790855          0.10746411
          5.52500000          2.02790705          0.10083774
          5.53125000          2.02790329          0.10743651
          5.53750000          2.02790176          0.10085626
          5.54375000          2.02789840          0.10747866
          5.55000000          2.02789669          0.10092332
          5.55625000          2.02789361          0.10754550
          5.56250000          2.02789172          0.10100030
          5.56875000          2.02788888          0.10761236
          5.57500000          2.02788682          0.10107174
          5.58125000          2.02788421          0.10767196
          5.58750000          2.02788198          0.10113514
          5.59375000          2.02787958          0.10772479
          5.60000000          2.02787718          0.10119254
          5.60625000          2.02787497          0.10777321
          5.61250000          2.02787242          0.10124643
          5.61875000          2.02787039          0.10781930
          5.62500000          2.02786768          0.10129859
          5.63125000          2.02786583          0.10786432
          5.63750000          2.02786296          0.10135002
          5.64375000          2.02786127          0.10790893
          5.65000000          2.02785830          0.10140120
          5.65625000          2.02785676          0.10795343
          5.66250000          2.02800500          0.10145231
          5.66875000          2.02803256          0.10799792
          5.67500000          2.02808753          0.10150343
          5.68125000          2.02810072          0.10804244
          5.68750000          2.02813583          0.10155457
          5.69375000          2.02815431          0.10808701
          5.70000000          2.02817272          0.10160574
          5.70625000          2.02818608          0.10813162
          5.71250000          2.02818696          0.10165696
          5.71875000          2.02819304          0.10817630
          5.72500000          2.02818354          0.10170826
          5.73125000          2.02819197          0.10822107
          5.73750000          2.02819202          0.10175965
          5.74375000          2.02821113          0.10826598
          5.75000000          2.02822924          0.10181118
          5.75625000          2.02826041          0.10831103
          5.76250000          2.02829280          0.10186285
          5.76875000          2.02833108          0.10835622
          5.77500000          2.02837061          0.10191466
          5.78125000          2.02840996          0.10840155
          5.78750000          2.02845110          0.10196659
          5.79375000          2.02848801          0.10844701
          5.80000000          2.02852820          0.10201864
          5.80625000          2.02856170          0.10849259
          5.81250000          2.02860048          0.10207081
          5.81875000          2.02863345          0.10853829
          5.82500000          2.02867012          0.10212309
          5.83125000          2.02870355          0.10858411
          5.83750000          2.02873851          0.10217548
          5.84375000          2.02877264          0.10863005
          5.85000000          2.02880659          0.10222798
          5.85625000          2.02884169          0.10867611
          5.86250000          2.02887501          0.10228059
          5.86875000          2.02891113          0.10872229
          5.87500000          2.02894405          0.10233332
          5.88125000          2.02898102          0.10876860
          5.88750000          2.02901365          0.10238617
          5.89375000          2.02905121          0.10881503
          5.90000000          2.02908342          0.10243913
          5.90625000          2.02912137          0.10886159
          5.91250000          2.02915302          0.10249220
          5.91875000          2.02919115          0.10890827
          5.92500000          2.02922212          0.10254540
          5.93125000          2.02926023          0.10895508
          5.93750000          2.02929174          0.10259871
          5.94375000          2.02932894          0.10900201
          5.95000000          2.02936061          0.10265214
          5.95625000          2.02939673          0.10904907
          5.96250000          2.02942831          0.10270570
          5.96875000          2.02946328          0.10909626
          5.97500000          2.02949462          0.10275937
          5.98125000          2.02952845          0.10914358
          5.98750000          2.02955953          0.10281318
          5.99375000          2.02959230          0.10919104
          6.00000000          2.02962321          0.10286712
          6.00625000          2.02965510          0.10923863
          6.01250000          2.02968601          0.10292119
          6.01875000          2.02971730          0.10928637
          6.02500000          2.02974848          0.10297541
          6.03125000          2.02977950          0.10933426
          6.03750000          2.02981126          0.10302978
          6.04375000          2.02984234          0.10938231
          6.05000000          2.02987497          0.10308430
          6.05625000          2.02990642          0.10943051
          6.06250000          2.02994016          0.10313897
          6.06875000          2.02997218          0.10947888
          6.07500000          2.03000714          0.10319381
          6.08125000          2.03003982          0.10952741
          6.08750000          2.03007599          0.10324882
          6.09375000          2.03010926          0.10957611
          6.10000000          2.03014650          0.10330399
          6.10625000          2.03018058          0.10962498
          6.11250000          2.03021847          0.10335932
          6.11875000          2.03025338          0.10967402
          6.12500000          2.03029148          0.10341482
          6.13125000          2.03032682          0.10972322
          6.13750000          2.03036486          0.10347049
          6.14375000          2.03040034          0.10977260
          6.15000000          2.03043810          0.10352632
          6.15625000          2.03047351          0.10982214
          6.16250000          2.03051085          0.10358232
          6.16875000          2.03054610          0.10987185
          6.17500000          2.03058306          0.10363848
          6.18125000          2.03061826          0.10992172
          6.18750000          2.03065506          0.10369480
          6.19375000          2.03069055          0.10997177
          6.20000000          2.03072765          0.10375130
          6.20625000          2.03076396          0.11002199
          6.21250000          2.03080194          0.10380796
          6.21875000          2.03083965          0.11007237
          6.22500000          2.03087905          0.10386478
          6.23125000          2.03091849          0.11012293
          6.23750000          2.03095938          0.10392177
          6.24375000          2.03100028          0.11017364
          6.25000000          2.03104196          0.10397892
          6.25625000          2.03108314          0.11022452
          6.26250000          2.03112393          0.10403621
          6.26875000          2.03116319          0.11027555
          6.27500000          2.03120038          0.10409366
          6.28125000          2.03123440          0.11032673
          6.28750000          2.03126393          0.10415125
          6.29375000          2.03128762          0.11037807
          6.30000000          2.03130291          0.10420900
          6.30625000          2.03130746          0.11042958
          6.31250000          2.03129641          0.10426693
          6.31875000          2.03126491          0.11048130
          6.32500000          2.03120377          0.10432512
          6.33125000          2.03110281          0.11053333
          6.33750000          2.03094482          0.10438369
          6.34375000          2.03070937          0.11058584
          6.35000000          2.03036480          0.10444291
          6.35625000          2.02987223          0.11063916
          6.36250000          2.02917524          0.10450326
          6.36875000          2.02820384          0.11069394
          6.37500000          2.02686227          0.10456567
          6.38125000          2.02503162          0.11075136
          6.38750000          2.02255961          0.10463181
          6.39375000          2.01926145          0.11081345
          6.40000000          2.01491567          0.10470438
          6.40625000          2.00926833          0.11088336
          6.41250000          2.00204114          0.10478731
          6.41875000          1.99294866          0.11096521
          6.42500000          1.99219850          0.10488507
          6.43125000          1.99219598          0.11107096
          6.43750000          1.99219377          0.10503289
          6.44375000          1.99219122          0.11125171
          6.45000000          1.99218909          0.10529007
          6.45625000          1.99218650          0.11156875
          6.46250000          1.99218444          0.10572997
          6.46875000          1.99218182          0.11210022
          6.47500000          1.99217982          0.10644896
          6.48125000          1.99217716          0.11293188
          6.48750000          1.99217523          0.10745577
          6.49375000          1.99217252          0.11404611
          6.50000000          1.99217065          0.10916937
          6.50625000          1.99216791          0.11577051
          6.51250000          1.99216610          0.10871234
          6.51875000          1.99216331          0.11549227
          6.52500000          1.99216156          0.10823454
          6.53125000          1.99215873          0.11516501
          6.53750000          1.99215703          0.10795512
          6.54375000          1.99215416          0.11498119
          6.55000000          1.99215251          0.10782307
          6.55625000          1.99214961          0.11490142
          6.56250000          1.99214800          0.10777701
          6.56875000          1.99214505          0.11488049
          6.57500000          1.99842879          0.10777647
          6.58125000          2.00423880          0.11489029
          6.58750000          2.00922595          0.10780075
          6.59375000          2.01366745          0.11491845
          6.60000000          2.01757277          0.10784037
          6.60625000          2.02090668          0.11495782
          6.61250000          2.02367447          0.10788913
          6.61875000          2.02591430          0.11500322
          6.62500000          2.02769561          0.10794275
          6.63125000          2.02908968          0.11505188
          6.63750000          2.03017280          0.10799894
          6.64375000          2.03100606          0.11510239
          6.65000000          2.03164782          0.10805652
          6.65625000          2.03213874          0.11515402
          6.66250000          2.03251797          0.10811491
          6.66875000          2.03280905          0.11520639
          6.67500000          2.03303718          0.10817382
          6.68125000          2.03321437          0.11525929
          6.68750000          2.03335698          0.10823312
          6.69375000          2.03346993          0.11531261
          6.70000000          2.03356436          0.10829275
          6.70625000          2.03364099          0.11536628
          6.71250000          2.03370808          0.10835266
          6.71875000          2.03376394          0.11542028
          6.72500000          2.03381530          0.10841285
          6.73125000          2.03385916          0.11547457
          6.73750000          2.03390149          0.10847332
          6.74375000          2.03393855          0.11552915
          6.75000000          2.03397599          0.10853406
          6.75625000          2.03400977          0.11558401
          6.76250000          2.03404496          0.10859508
          6.76875000          2.03407771          0.11563914
          6.77500000          2.03411239          0.10865638
          6.78125000          2.03414544          0.11569454
          6.78750000          2.03418061          0.10871797
          6.79375000          2.03421463          0.11575020
          6.80000000          2.03425067          0.10877984
          6.80625000          2.03428578          0.11580612
          6.81250000          2.03432262          0.10884200
          6.81875000          2.03435863          0.11586230
          6.82500000          2.03439600          0.10890443
          6.83125000          2.03443260          0.11591872
          6.83750000          2.03447020          0.10896713
          6.84375000          2.03450710          0.11597539
          6.85000000          2.03454469          0.10903010
          6.85625000          2.03458170          0.11603230
          6.86250000          2.03461915          0.10909334
          6.86875000          2.03465617          0.11608944
          6.87500000          2.03469343          0.10915684
          6.88125000          2.03473045          0.11614681
          6.88750000          2.03476752          0.10922060
          6.89375000          2.03480456          0.11620441
          6.90000000          2.03484147          0.10928460
          6.90625000          2.03487856          0.11626224
          6.91250000          2.03491534          0.10934886
          6.91875000          2.03495251          0.11632028
          6.92500000          2.03498920          0.10941336
          6.93125000          2.03502646          0.11637855
          6.93750000          2.03506306          0.10947811
          6.94375000          2.03510043          0.11643703
          6.95000000          2.03513695          0.10954310
          6.95625000          2.03517442          0.11649573
          6.96250000          2.03521087          0.10960832
          6.96875000          2.03524844          0.11655464
          6.97500000          2.03528481          0.10967378
          6.98125000          2.03532248          0.11661376
          6.98750000          2.03535876          0.10973947
          6.99375000          2.03539653          0.11667310
          7.00000000          2.03543272          0.10980539
          7.00625000          2.03547056          0.11673264
          7.01250000          2.03550665          0.10987154
          7.01875000          2.03554456          0.11679240
          7.02500000          2.03558054          0.10993792
          7.03125000          2.03561850          0.11685236
          7.03750000          2.03565436          0.11000452
          7.04375000          2.03569237          0.11691253
          7.05000000          2.03572812          0.11007135
          7.05625000          2.03576621          0.11697291
          7.06250000          2.03580188          0.11013840
          7.06875000          2.03584008          0.11703349
          7.07500000          2.03587572          0.11020567
          7.08125000          2.03591409          0.11709428
          7.08750000          2.03594979          0.11027315
          7.09375000          2.03598843          0.11715527
          7.10000000          2.03602438          0.11034086
          7.10625000          2.03606330          0.11721647
          7.11250000          2.03609953          0.11040879
          7.11875000          2.03613876          0.11727787
          7.12500000          2.03617522          0.11047692
          7.13125000          2.03621460          0.11733948
          7.13750000          2.03625100          0.11054528
          7.14375000          2.03629007          0.11740129
          7.15000000          2.03632574          0.11061384
          7.15625000          2.03636362          0.11746329
          7.16250000          2.03639747          0.11068261
          7.16875000          2.03643290          0.11752550
          7.17500000          2.03646362          0.11075160
          7.18125000          2.03649537          0.11758792
          7.18750000          2.03652204          0.11082080
          7.19375000          2.03654987          0.11765055
          7.20000000          2.03657337          0.11089023
          7.20625000          2.03659981          0.11771340
          7.21250000          2.03662484          0.11095992
          7.21875000          2.03665708          0.11777650
          7.22500000          2.03669306          0.11102985
          7.23125000          2.03674156          0.11783986
          7.23750000          2.03679777          0.11110005
          7.24375000          2.03686769          0.11790344
          7.25000000          2.03694253          0.11117046
          7.25625000          2.03702465          0.11796721
          7.26250000          2.03710306          0.11124104
          7.26875000          2.03717946          0.11803112
          7.27500000          2.03724327          0.11131173
          7.28125000          2.03730024          0.11809512
          7.28750000          2.03735186          0.11138249
          7.29375000          2.03739680          0.11815918
          7.30000000          2.03743015          0.11145329
          7.30625000          2.03745119          0.11822326
          7.31250000          2.03744811          0.11152406
          7.31875000          2.03744424          0.11828725
          7.32500000          2.03743429          0.11159463
          7.33125000          2.03743332          0.11835092
          7.33750000          2.03742441          0.11166465
          7.34375000          2.03742391          0.11841383
          7.35000000          2.03741724          0.11173347
          7.35625000          2.03741607          0.11847513
          7.36250000          2.03741052          0.11179993
          7.36875000          2.03740883          0.11853343
          7.37500000          2.03740407          0.11186217
          7.38125000          2.03740196          0.11858657
          7.38750000          2.03739780          0.11191745
          7.39375000          2.03739531          0.11863158
          7.40000000          2.03739166          0.11196228
          7.40625000          2.03738884          0.11866488
          7.41250000          2.03738561          0.11199272
          7.41875000          2.03738250          0.11868292
          7.42500000          2.03737963          0.11200567
          7.43125000          2.03737625          0.11868412
          7.43750000          2.03737371          0.11200197
          7.44375000          2.03737008          0.11867285
          7.45000000          2.03736784          0.11199143
          7.45625000          2.03736398          0.11866447
          7.46250000          2.03736200          0.11199756
          7.46875000          2.03735792          0.11868611
          7.47500000          2.03735618          0.11204845
          7.48125000          2.03735190          0.11876121
          7.48750000          2.03735039          0.11216288
          7.49375000          2.03734591          0.11888728
          7.50000000          2.03734461          0.11233934
          7.50625000          2.03734017          0.11904048
          7.51250000          2.03733894          0.11231031
          7.51875000          2.03733483          0.11904064
          7.52500000          2.03733351          0.11235043
          7.53125000          2.03732961          0.11910413
          7.53750000          2.03732819          0.11244817
          7.54375000          2.03732447          0.11920594
          7.55000000          2.03732297          0.11256627
          7.55625000          2.03731939          0.11931477
          7.56250000          2.03731781          0.11268144
          7.56875000          2.03731436          0.11941573
          7.57500000          2.03731270          0.11278547
          7.58125000          2.03730937          0.11950577
          7.58750000          2.03730764          0.11287868
          7.59375000          2.03730442          0.11958701
          7.60000000          2.03730261          0.11296428
          7.60625000          2.03729949          0.11966266
          7.61250000          2.03729762          0.11304542
          7.61875000          2.03729459          0.11973528
          7.62500000          2.03729265          0.11312432
          7.63125000          2.03728970          0.11980648
          7.63750000          2.03728770          0.11320223
          7.64375000          2.03728483          0.11987711
          7.65000000          2.03728277          0.11327978
          7.65625000          2.03728000          0.11994758
          7.66250000          2.03732217          0.11335726
          7.66875000          2.03743069          0.12001805
          7.67500000          2.03746748          0.11343476
          7.68125000          2.03750228          0.12008858
          7.68750000          2.03751171          0.11351231
          7.69375000          2.03754558          0.12015917
          7.70000000          2.03755322          0.11358992
          7.70625000          2.03757453          0.12022983
          7.71250000          2.03757671          0.11366760
          7.71875000          2.03757733          0.12030059
          7.72500000          2.03756938          0.11374539
          7.73125000          2.03755730          0.12037148
          7.73750000          2.03755030          0.11382334
          7.74375000          2.03754195          0.12044257
          7.75000000          2.03754993          0.11390151
          7.75625000          2.03755743          0.12051389
          7.76250000          2.03758432          0.11397992
          7.76875000          2.03761198          0.12058547
          7.77500000          2.03765014          0.11405859
          7.78125000          2.03768905          0.12065730
          7.78750000          2.03773118          0.11413750
          7.79375000          2.03777404          0.12072937
          7.80000000          2.03781501          0.11421665
          7.80625000          2.03785779          0.12080167
          7.81250000          2.03789543          0.11429603
          7.81875000          2.03793678          0.12087419
          7.82500000          2.03797095          0.11437562
          7.83125000          2.03801100          0.12094693
          7.83750000          2.03804240          0.11445542
          7.84375000          2.03808177          0.12101988
          7.85000000          2.03811239          0.11453543
          7.85625000          2.03815109          0.12109304
          7.86250000          2.03818248          0.11461565
          7.86875000          2.03822031          0.12116641
          7.87500000          2.03825233          0.11469609
          7.88125000          2.03828956          0.12124000
          7.88750000          2.03832218          0.11477673
          7.89375000          2.03835892          0.12131381
          7.90000000          2.03839208          0.11485758
          7.90625000          2.03842828          0.12138783
          7.91250000          2.03846200          0.11493865
          7.91875000          2.03849750          0.12146206
          7.92500000          2.03853154          0.11501993
          7.93125000          2.03856624          0.12153651
          7.93750000          2.03860041          0.11510143
          7.94375000          2.03863418          0.12161119
          7.95000000          2.03866830          0.11518314
          7.95625000          2.03870107          0.12168608
          7.96250000          2.03873500          0.11526508
          7.96875000          2.03876672          0.12176120
          7.97500000          2.03880041          0.11534724
          7.98125000          2.03883142          0.12183654
          7.98750000          2.03886472          0.11542962
          7.99375000          2.03889581          0.12191212
          8.00000000          2.03892843          0.11551224
